Hit ESC key to quit.
initialized
0.043155
0.03393
^ draw time
0.029689
^ read time
new contours
[-270.49804688  150.44775391]
[-270.          149.93803406]
[-269.49804688  149.42430115]
[-269.49804688  148.40084839]
[-269.49804688  147.37739563]
[-269.49804688  146.35394287]
[-269.          145.84422302]
[-268.49804688  145.33049011]
[-268.49804688  144.30703735]
[-268.          143.79730225]
[-267.49804688  143.28358459]
[-267.49804688  142.26013184]
[-267.          141.75039673]
[-266.49804688  141.23667908]
[-266.          140.72694397]
[-265.49804688  140.21322632]
[-265.49804688  139.1897583 ]
[-265.          138.68003845]
[-264.49804688  138.16630554]
[-264.          137.65658569]
[-263.49804688  137.14285278]
[-263.          136.63313293]
[-262.49804688  136.11940002]
[-262.          135.60968018]
[-261.49804688  135.09594727]
[-261.          134.58622742]
[-260.          134.58622742]
[-259.49804688  134.07249451]
[-259.         133.5627594]
[-258.49804688  133.04904175]
[-258.          132.53930664]
[-257.          132.53930664]
[-256.49804688  132.02558899]
[-256.          131.51585388]
[-255.          131.51585388]
[-254.49804688  131.00213623]
[-254.          130.49240112]
[-253.          130.49240112]
[-252.          130.49240112]
[-251.          130.49240112]
[-250.49804688  129.97868347]
[-250.          129.46894836]
[-249.          129.46894836]
[-248.          129.46894836]
[-247.          129.46894836]
[-246.          129.46894836]
[-245.          129.46894836]
[-244.          129.46894836]
[-243.          129.46894836]
[-242.          129.46894836]
[-241.          129.46894836]
[-240.50195312  129.97868347]
[-240.          130.49240112]
[-239.          130.49240112]
[-238.          130.49240112]
[-237.          130.49240112]
[-236.50195312  131.00213623]
[-236.          131.51585388]
[-235.          131.51585388]
[-234.50195312  132.02558899]
[-234.          132.53930664]
[-233.          132.53930664]
[-232.50195312  133.04904175]
[-232.         133.5627594]
[-231.50195312  134.07249451]
[-231.          134.58622742]
[-230.          134.58622742]
[-229.50195312  135.09594727]
[-229.          135.60968018]
[-228.50195312  136.11940002]
[-228.          136.63313293]
[-227.50195312  137.14285278]
[-227.          137.65658569]
[-226.50195312  138.16630554]
[-226.          138.68003845]
[-225.50195312  139.1897583 ]
[-225.50195312  140.21322632]
[-225.          140.72694397]
[-224.50195312  141.23667908]
[-224.          141.75039673]
[-223.50195312  142.26013184]
[-223.50195312  143.28358459]
[-223.          143.79730225]
[-222.50195312  144.30703735]
[-222.50195312  145.33049011]
[-222.          145.84422302]
[-221.50195312  146.35394287]
[-221.50195312  147.37739563]
[-221.50195312  148.40084839]
[-221.         148.9145813]
[-220.50195312  149.42430115]
[-220.          149.93803406]
[-219.50195312  150.44775391]
[-219.50195312  151.47122192]
[-219.          151.98493958]
[-218.50195312  152.49467468]
[-218.50195312  153.51812744]
[-218.          154.03184509]
[-217.50195312  154.5415802 ]
[-217.50195312  155.56503296]
[-217.          156.07875061]
[-216.50195312  156.58848572]
[-216.50195312  157.61193848]
[-216.          158.12567139]
[-215.50195312  158.63539124]
[-215.50195312  159.65884399]
[-215.         160.1725769]
[-214.50195312  160.68229675]
[-214.          161.19602966]
[-213.50195312  161.70574951]
[-213.50195312  162.72921753]
[-213.          163.24293518]
[-212.50195312  163.75267029]
[-212.50195312  164.77612305]
[-212.         165.2898407]
[-211.50195312  165.79957581]
[-211.50195312  166.82302856]
[-211.          167.33674622]
[-210.50195312  167.84648132]
[-210.50195312  168.86993408]
[-210.          169.38366699]
[-209.50195312  169.89338684]
[-209.50195312  170.9168396 ]
[-209.          171.43057251]
[-208.50195312  171.94029236]
[-208.          172.45402527]
[-207.50195312  172.96374512]
[-207.50195312  173.98721313]
[-207.          174.50093079]
[-206.50195312  175.01066589]
[-206.50195312  176.03411865]
[-206.         176.5478363]
[-205.50195312  177.05757141]
[-205.          177.57128906]
[-204.50195312  178.08102417]
[-204.50195312  179.10447693]
[-204.          179.61820984]
[-203.50195312  180.12792969]
[-203.50195312  181.15138245]
[-203.          181.66511536]
[-202.50195312  182.17483521]
[-202.          182.68856812]
[-201.50195312  183.19828796]
[-201.50195312  184.22175598]
[-201.          184.73547363]
[-200.50195312  185.24520874]
[-200.          185.75892639]
[-199.50195312  186.2686615 ]
[-199.50195312  187.29211426]
[-199.          187.80583191]
[-198.50195312  188.31556702]
[-198.          188.82928467]
[-197.50195312  189.33901978]
[-197.50195312  190.36247253]
[-197.          190.87620544]
[-196.50195312  191.38592529]
[-196.50195312  192.40937805]
[-196.          192.92311096]
[-195.50195312  193.43283081]
[-195.          193.94656372]
[-194.50195312  194.45628357]
[-194.          194.97001648]
[-193.50195312  195.47975159]
[-193.          195.99346924]
[-192.50195312  196.50320435]
[-192.        197.016922]
[-191.50195312  197.5266571 ]
[-191.50195312  198.55010986]
[-191.          199.06382751]
[-190.50195312  199.57356262]
[-190.          200.08728027]
[-189.50195312  200.59701538]
[-189.          201.11074829]
[-188.50195312  201.62046814]
[-188.          202.13420105]
[-187.50195312  202.6439209 ]
[-187.          203.15765381]
[-186.50195312  203.66737366]
[-186.50195312  204.69082642]
[-186.          205.20455933]
[-185.50195312  205.71427917]
[-185.          206.22801208]
[-184.50195312  206.73774719]
[-184.          207.25146484]
[-183.50195312  207.76119995]
[-183.         208.2749176]
[-182.50195312  208.78465271]
[-182.          209.29837036]
[-181.50195312  209.80810547]
[-181.          210.32182312]
[-180.50195312  210.83155823]
[-180.          211.34527588]
[-179.50195312  211.85501099]
[-179.         212.3687439]
[-178.50195312  212.87846375]
[-178.          213.39219666]
[-177.50195312  213.9019165 ]
[-177.          214.41564941]
[-176.50195312  214.92536926]
[-176.          215.43910217]
[-175.50195312  215.94882202]
[-175.          216.46255493]
[-174.50195312  216.97227478]
[-174.          217.48600769]
[-173.50195312  217.9957428 ]
[-173.          218.50946045]
[-172.50195312  219.01919556]
[-172.          219.53291321]
[-171.50195312  220.04264832]
[-171.          220.55636597]
[-170.50195312  221.06610107]
[-170.          221.57981873]
[-169.50195312  222.08955383]
[-169.          222.60327148]
[-168.50195312  223.11300659]
[-168.         223.6267395]
[-167.50195312  224.13645935]
[-167.          224.65019226]
[-166.50195312  225.15991211]
[-166.          225.67364502]
[-165.50195312  226.18336487]
[-165.          226.69709778]
[-164.          226.69709778]
[-163.50195312  227.20681763]
[-163.          227.72055054]
[-162.50195312  228.23027039]
[-162.         228.7440033]
[-161.50195312  229.2537384 ]
[-161.          229.76745605]
[-160.          229.76745605]
[-159.          229.76745605]
[-158.50195312  230.27719116]
[-158.          230.79090881]
[-157.          230.79090881]
[-156.          230.79090881]
[-155.50195312  231.30064392]
[-155.          231.81436157]
[-154.          231.81436157]
[-153.          231.81436157]
[-152.50195312  232.32409668]
[-152.          232.83781433]
[-151.          232.83781433]
[-150.          232.83781433]
[-149.50195312  233.34754944]
[-149.          233.86126709]
[-148.          233.86126709]
[-147.          233.86126709]
[-146.50195312  234.3710022 ]
[-146.          234.88473511]
[-145.          234.88473511]
[-144.          234.88473511]
[-143.50195312  235.39445496]
[-143.          235.90818787]
[-142.          235.90818787]
[-141.          235.90818787]
[-140.          235.90818787]
[-139.          235.90818787]
[-138.          235.90818787]
[-137.          235.90818787]
[-136.          235.90818787]
[-135.          235.90818787]
[-134.          235.90818787]
[-133.          235.90818787]
[-132.          235.90818787]
[-131.          235.90818787]
[-130.          235.90818787]
[-129.          235.90818787]
[-128.          235.90818787]
[-127.          235.90818787]
[-126.          235.90818787]
[-125.          235.90818787]
[-124.          235.90818787]
[-123.          235.90818787]
[-122.          235.90818787]
[-121.          235.90818787]
[-120.          235.90818787]
[-119.          235.90818787]
[-118.          235.90818787]
[-117.          235.90818787]
[-116.          235.90818787]
[-115.          235.90818787]
[-114.          235.90818787]
[-113.          235.90818787]
[-112.          235.90818787]
[-111.          235.90818787]
[-110.          235.90818787]
[-109.          235.90818787]
[-108.          235.90818787]
[-107.          235.90818787]
[-106.          235.90818787]
[-105.          235.90818787]
[-104.          235.90818787]
[-103.          235.90818787]
[-102.          235.90818787]
[-101.          235.90818787]
[-100.          235.90818787]
[ -99.          235.90818787]
[ -98.          235.90818787]
[ -97.          235.90818787]
[ -96.          235.90818787]
[ -95.          235.90818787]
[ -94.          235.90818787]
[ -93.          235.90818787]
[ -92.          235.90818787]
[ -91.          235.90818787]
[ -90.          235.90818787]
[ -89.49804688  235.39445496]
[ -89.          234.88473511]
[ -88.          234.88473511]
[ -87.          234.88473511]
[ -86.          234.88473511]
[ -85.          234.88473511]
[ -84.          234.88473511]
[ -83.          234.88473511]
[ -82.          234.88473511]
[ -81.          234.88473511]
[ -80.          234.88473511]
[ -79.          234.88473511]
[ -78.          234.88473511]
[ -77.          234.88473511]
[ -76.          234.88473511]
[ -75.          234.88473511]
[ -74.          234.88473511]
[ -73.          234.88473511]
[ -72.          234.88473511]
[ -71.          234.88473511]
[ -70.          234.88473511]
[ -69.          234.88473511]
[ -68.          234.88473511]
[ -67.          234.88473511]
[ -66.          234.88473511]
[ -65.49804688  234.3710022 ]
[ -65.          233.86126709]
[ -64.          233.86126709]
[ -63.          233.86126709]
[ -62.          233.86126709]
[ -61.          233.86126709]
[ -60.          233.86126709]
[ -59.          233.86126709]
[ -58.          233.86126709]
[ -57.          233.86126709]
[ -56.          233.86126709]
[ -55.          233.86126709]
[ -54.          233.86126709]
[ -53.          233.86126709]
[ -52.          233.86126709]
[ -51.          233.86126709]
[ -50.          233.86126709]
[ -49.          233.86126709]
[ -48.          233.86126709]
[ -47.          233.86126709]
[ -46.          233.86126709]
[ -45.          233.86126709]
[ -44.          233.86126709]
[ -43.          233.86126709]
[ -42.          233.86126709]
[ -41.          233.86126709]
[ -40.          233.86126709]
[ -39.          233.86126709]
[ -38.          233.86126709]
[ -37.          233.86126709]
[ -36.          233.86126709]
[ -35.          233.86126709]
[ -34.          233.86126709]
[ -33.49804688  233.34754944]
[ -33.          232.83781433]
[ -32.          232.83781433]
[ -31.          232.83781433]
[ -30.          232.83781433]
[ -29.          232.83781433]
[ -28.          232.83781433]
[ -27.          232.83781433]
[ -26.          232.83781433]
[ -25.          232.83781433]
[ -24.          232.83781433]
[ -23.          232.83781433]
[ -22.          232.83781433]
[ -21.          232.83781433]
[ -20.          232.83781433]
[ -19.          232.83781433]
[ -18.          232.83781433]
[ -17.          232.83781433]
[ -16.          232.83781433]
[ -15.          232.83781433]
[ -14.          232.83781433]
[ -13.          232.83781433]
[ -12.          232.83781433]
[ -11.          232.83781433]
[ -10.          232.83781433]
[  -9.          232.83781433]
[  -8.          232.83781433]
[  -7.          232.83781433]
[  -6.          232.83781433]
[  -5.          232.83781433]
[  -4.          232.83781433]
[  -3.          232.83781433]
[  -2.          232.83781433]
[  -1.          232.83781433]
[   0.          232.83781433]
[   1.          232.83781433]
[   2.          232.83781433]
[   3.          232.83781433]
[   4.          232.83781433]
[   5.          232.83781433]
[   6.          232.83781433]
[   7.          232.83781433]
[   8.          232.83781433]
[   9.          232.83781433]
[  10.          232.83781433]
[  11.          232.83781433]
[  12.          232.83781433]
[  13.          232.83781433]
[  14.          232.83781433]
[  14.49804688  233.34754944]
[  15.          233.86126709]
[  16.          233.86126709]
[  17.          233.86126709]
[  18.          233.86126709]
[  18.49804688  234.3710022 ]
[  19.          234.88473511]
[  20.          234.88473511]
[  20.49804688  235.39445496]
[  21.          235.90818787]
[  22.          235.90818787]
[  22.49804688  236.41790771]
[  23.          236.93164062]
[  23.49804688  237.44136047]
[  24.          237.95509338]
[  25.          237.95509338]
[  25.49804688  238.46481323]
[  26.          238.97854614]
[  26.49804688  239.48826599]
[  27.         240.0019989]
[  27.49804688  240.51173401]
[  28.          241.02545166]
[  28.49804688  241.53518677]
[  29.          242.04890442]
[  29.49804688  242.55863953]
[  29.49804688  243.58209229]
[  30.          244.09580994]
[  30.49804688  244.60554504]
[  31.         245.1192627]
[  31.49804688  245.6289978 ]
[  31.49804688  246.65245056]
[  32.          247.16618347]
[  32.49804688  247.67590332]
[  32.49804688  248.69935608]
[  33.          249.21308899]
[  33.49804688  249.72280884]
[  33.49804688  250.7462616 ]
[  33.49804688  251.76972961]
[  33.49804688  252.79318237]
[  34.          253.30690002]
[  34.49804688  253.81663513]
[  34.49804688  254.84008789]
[  34.49804688  255.86354065]
[  34.49804688  256.88699341]
[  34.49804688  257.91046143]
[  34.49804688  258.93389893]
[  34.49804688  259.95736694]
[  34.49804688  260.98080444]
[  34.49804688  262.00427246]
[  34.49804688  263.02770996]
[  34.          263.53744507]
[  33.49804688  264.05117798]
[  33.49804688  265.07461548]
[  33.49804688  266.0980835 ]
[  33.49804688  267.121521  ]
[  33.         267.6312561]
[  32.49804688  268.14498901]
[  32.49804688  269.16845703]
[  32.          269.67816162]
[  31.49804688  270.19189453]
[  31.49804688  271.21536255]
[  31.          271.72506714]
[  30.49804688  272.23880005]
[  30.          272.74853516]
[  29.49804688  273.26226807]
[  29.49804688  274.28570557]
[  29.          274.79544067]
[  28.49804688  275.30917358]
[  28.          275.81890869]
[  27.49804688  276.33261108]
[  27.          276.84234619]
[  26.49804688  277.3560791 ]
[  26.          277.86581421]
[  25.49804688  278.3795166 ]
[  25.          278.88925171]
[  24.          278.88925171]
[  23.49804688  279.40298462]
[  23.          279.91271973]
[  22.49804688  280.42645264]
[  22.          280.93615723]
[  21.          280.93615723]
[  20.49804688  281.44989014]
[  20.          281.95962524]
[  19.          281.95962524]
[  18.49804688  282.47335815]
[  18.          282.98306274]
[  17.          282.98306274]
[  16.          282.98306274]
[  15.          282.98306274]
[  14.49804688  283.49679565]
[  14.          284.00653076]
[  13.          284.00653076]
[  12.          284.00653076]
[  11.          284.00653076]
[  10.          284.00653076]
[   9.          284.00653076]
[   8.          284.00653076]
[   7.          284.00653076]
[   6.          284.00653076]
[   5.          284.00653076]
[   4.          284.00653076]
[   3.          284.00653076]
[   2.          284.00653076]
[   1.          284.00653076]
[   0.          284.00653076]
[  -1.          284.00653076]
[  -2.          284.00653076]
[  -3.          284.00653076]
[  -4.          284.00653076]
[  -5.          284.00653076]
[  -6.          284.00653076]
[  -7.          284.00653076]
[  -8.          284.00653076]
[  -9.          284.00653076]
[ -10.          284.00653076]
[ -11.          284.00653076]
[ -12.          284.00653076]
[ -13.          284.00653076]
[ -14.          284.00653076]
[ -15.          284.00653076]
[ -16.          284.00653076]
[ -17.          284.00653076]
[ -18.          284.00653076]
[ -19.          284.00653076]
[ -20.          284.00653076]
[ -21.          284.00653076]
[ -22.          284.00653076]
[ -23.          284.00653076]
[ -24.          284.00653076]
[ -25.          284.00653076]
[ -26.          284.00653076]
[ -27.          284.00653076]
[ -28.          284.00653076]
[ -29.          284.00653076]
[ -30.          284.00653076]
[ -31.          284.00653076]
[ -32.          284.00653076]
[ -33.          284.00653076]
[ -33.50195312  284.52026367]
[ -34.          285.02999878]
[ -35.          285.02999878]
[ -36.          285.02999878]
[ -37.          285.02999878]
[ -38.          285.02999878]
[ -39.          285.02999878]
[ -40.          285.02999878]
[ -41.          285.02999878]
[ -42.          285.02999878]
[ -43.          285.02999878]
[ -44.          285.02999878]
[ -45.          285.02999878]
[ -46.          285.02999878]
[ -47.          285.02999878]
[ -48.          285.02999878]
[ -49.          285.02999878]
[ -50.          285.02999878]
[ -51.          285.02999878]
[ -52.          285.02999878]
[ -53.          285.02999878]
[ -54.          285.02999878]
[ -55.          285.02999878]
[ -56.          285.02999878]
[ -57.          285.02999878]
[ -58.          285.02999878]
[ -59.          285.02999878]
[ -60.          285.02999878]
[ -61.          285.02999878]
[ -62.          285.02999878]
[ -63.          285.02999878]
[ -64.          285.02999878]
[ -64.50195312  285.54370117]
[ -65.          286.05343628]
[ -66.          286.05343628]
[ -67.          286.05343628]
[ -68.          286.05343628]
[ -69.          286.05343628]
[ -70.          286.05343628]
[ -71.          286.05343628]
[ -72.          286.05343628]
[ -73.          286.05343628]
[ -74.          286.05343628]
[ -75.          286.05343628]
[ -76.          286.05343628]
[ -77.          286.05343628]
[ -78.          286.05343628]
[ -79.          286.05343628]
[ -80.          286.05343628]
[ -81.          286.05343628]
[ -82.          286.05343628]
[ -83.          286.05343628]
[ -84.          286.05343628]
[ -85.          286.05343628]
[ -86.          286.05343628]
[ -87.          286.05343628]
[ -87.50195312  286.56716919]
[ -88.         287.0769043]
[ -89.         287.0769043]
[ -90.         287.0769043]
[ -91.         287.0769043]
[ -92.         287.0769043]
[ -93.         287.0769043]
[ -94.         287.0769043]
[ -95.         287.0769043]
[ -96.         287.0769043]
[ -97.         287.0769043]
[ -98.         287.0769043]
[ -99.         287.0769043]
[-100.         287.0769043]
[-101.         287.0769043]
[-102.         287.0769043]
[-103.         287.0769043]
[-104.         287.0769043]
[-105.         287.0769043]
[-106.         287.0769043]
[-107.         287.0769043]
[-108.         287.0769043]
[-109.         287.0769043]
[-110.         287.0769043]
[-111.         287.0769043]
[-112.         287.0769043]
[-113.         287.0769043]
[-114.         287.0769043]
[-115.         287.0769043]
[-116.         287.0769043]
[-117.         287.0769043]
[-118.         287.0769043]
[-119.         287.0769043]
[-120.         287.0769043]
[-121.         287.0769043]
[-122.         287.0769043]
[-123.         287.0769043]
[-124.         287.0769043]
[-125.         287.0769043]
[-126.         287.0769043]
[-127.         287.0769043]
[-128.         287.0769043]
[-129.         287.0769043]
[-130.         287.0769043]
[-131.         287.0769043]
[-132.         287.0769043]
[-133.         287.0769043]
[-134.         287.0769043]
[-135.         287.0769043]
[-136.         287.0769043]
[-137.         287.0769043]
[-138.         287.0769043]
[-139.         287.0769043]
[-140.         287.0769043]
[-141.         287.0769043]
[-142.         287.0769043]
[-143.         287.0769043]
[-144.         287.0769043]
[-145.         287.0769043]
[-146.         287.0769043]
[-147.         287.0769043]
[-148.         287.0769043]
[-149.         287.0769043]
[-150.         287.0769043]
[-150.49804688  286.56716919]
[-151.          286.05343628]
[-152.          286.05343628]
[-153.          286.05343628]
[-154.          286.05343628]
[-154.49804688  285.54370117]
[-155.          285.02999878]
[-156.          285.02999878]
[-157.          285.02999878]
[-157.49804688  284.52026367]
[-158.          284.00653076]
[-159.          284.00653076]
[-160.          284.00653076]
[-160.49804688  283.49679565]
[-161.          282.98306274]
[-162.          282.98306274]
[-163.          282.98306274]
[-163.49804688  282.47335815]
[-164.          281.95962524]
[-165.          281.95962524]
[-166.          281.95962524]
[-167.          281.95962524]
[-167.49804688  281.44989014]
[-168.          280.93615723]
[-169.          280.93615723]
[-170.          280.93615723]
[-170.49804688  280.42645264]
[-171.          279.91271973]
[-172.          279.91271973]
[-173.          279.91271973]
[-173.49804688  279.40298462]
[-174.          278.88925171]
[-175.          278.88925171]
[-176.          278.88925171]
[-176.49804688  278.3795166 ]
[-177.          277.86581421]
[-178.          277.86581421]
[-179.          277.86581421]
[-179.49804688  277.3560791 ]
[-180.          276.84234619]
[-181.          276.84234619]
[-182.          276.84234619]
[-182.49804688  276.33261108]
[-183.          275.81890869]
[-184.          275.81890869]
[-184.49804688  275.30917358]
[-185.          274.79544067]
[-186.          274.79544067]
[-186.49804688  274.28570557]
[-187.          273.77200317]
[-187.49804688  273.26226807]
[-188.          272.74853516]
[-189.          272.74853516]
[-189.49804688  272.23880005]
[-190.          271.72506714]
[-190.49804688  271.21536255]
[-191.          270.70162964]
[-191.49804688  270.19189453]
[-192.          269.67816162]
[-192.49804688  269.16845703]
[-193.          268.65472412]
[-194.          268.65472412]
[-194.49804688  268.14498901]
[-195.         267.6312561]
[-195.49804688  267.121521  ]
[-196.         266.6078186]
[-196.49804688  266.0980835 ]
[-197.          265.58435059]
[-197.49804688  265.07461548]
[-198.          264.56091309]
[-198.49804688  264.05117798]
[-199.          263.53744507]
[-200.          263.53744507]
[-200.49804688  263.02770996]
[-201.          262.51400757]
[-201.49804688  262.00427246]
[-202.          261.49053955]
[-202.49804688  260.98080444]
[-203.          260.46707153]
[-203.49804688  259.95736694]
[-204.          259.44363403]
[-204.49804688  258.93389893]
[-205.          258.42016602]
[-205.49804688  257.91046143]
[-206.          257.39672852]
[-206.49804688  256.88699341]
[-207.         256.3732605]
[-207.49804688  255.86354065]
[-208.          255.34980774]
[-208.49804688  254.84008789]
[-209.          254.32635498]
[-209.49804688  253.81663513]
[-210.          253.30290222]
[-210.49804688  252.79318237]
[-211.          252.27944946]
[-211.49804688  251.76972961]
[-212.         251.2559967]
[-212.49804688  250.7462616 ]
[-213.          250.23254395]
[-213.49804688  249.72280884]
[-214.          249.20909119]
[-214.49804688  248.69935608]
[-215.          248.18563843]
[-215.49804688  247.67590332]
[-216.          247.16218567]
[-216.49804688  246.65245056]
[-217.          246.13873291]
[-217.49804688  245.6289978 ]
[-218.          245.11526489]
[-218.49804688  244.60554504]
[-219.          244.09181213]
[-219.49804688  243.58209229]
[-220.          243.06835938]
[-220.49804688  242.55863953]
[-221.          242.04490662]
[-221.49804688  241.53518677]
[-221.49804688  240.51173401]
[-222.         239.9980011]
[-222.49804688  239.48826599]
[-223.          238.97454834]
[-223.49804688  238.46481323]
[-224.          237.95109558]
[-224.49804688  237.44136047]
[-225.          236.92764282]
[-225.49804688  236.41790771]
[-226.          235.90419006]
[-226.49804688  235.39445496]
[-226.49804688  234.3710022 ]
[-227.          233.85726929]
[-227.49804688  233.34754944]
[-228.          232.83381653]
[-228.49804688  232.32409668]
[-229.          231.81036377]
[-229.49804688  231.30064392]
[-230.          230.78691101]
[-230.49804688  230.27719116]
[-231.          229.76345825]
[-231.49804688  229.2537384 ]
[-231.49804688  228.23027039]
[-232.          227.71655273]
[-232.49804688  227.20681763]
[-233.          226.69309998]
[-233.49804688  226.18336487]
[-234.          225.66964722]
[-234.49804688  225.15991211]
[-235.          224.64619446]
[-235.49804688  224.13645935]
[-236.         223.6227417]
[-236.49804688  223.11300659]
[-236.49804688  222.08955383]
[-237.          221.57582092]
[-237.49804688  221.06610107]
[-238.          220.55236816]
[-238.49804688  220.04264832]
[-238.49804688  219.01919556]
[-239.          218.50546265]
[-239.49804688  217.9957428 ]
[-240.          217.48200989]
[-240.49804688  216.97227478]
[-240.49804688  215.94882202]
[-241.          215.43510437]
[-241.49804688  214.92536926]
[-241.49804688  213.9019165 ]
[-242.          213.38819885]
[-242.49804688  212.87846375]
[-243.          212.36474609]
[-243.49804688  211.85501099]
[-243.49804688  210.83155823]
[-244.          210.31782532]
[-244.49804688  209.80810547]
[-245.          209.29437256]
[-245.49804688  208.78465271]
[-245.49804688  207.76119995]
[-246.          207.24746704]
[-246.49804688  206.73774719]
[-247.          206.22401428]
[-247.49804688  205.71427917]
[-247.49804688  204.69082642]
[-248.          204.17710876]
[-248.49804688  203.66737366]
[-248.49804688  202.6439209 ]
[-249.          202.13020325]
[-249.49804688  201.62046814]
[-250.          201.10675049]
[-250.49804688  200.59701538]
[-250.49804688  199.57356262]
[-251.          199.05982971]
[-251.49804688  198.55010986]
[-251.49804688  197.5266571 ]
[-252.          197.01292419]
[-252.49804688  196.50320435]
[-252.49804688  195.47975159]
[-253.          194.96601868]
[-253.49804688  194.45628357]
[-253.49804688  193.43283081]
[-254.          192.91911316]
[-254.49804688  192.40937805]
[-255.         191.8956604]
[-255.49804688  191.38592529]
[-255.49804688  190.36247253]
[-256.          189.84875488]
[-256.49804688  189.33901978]
[-256.49804688  188.31556702]
[-257.          187.80183411]
[-257.49804688  187.29211426]
[-257.49804688  186.2686615 ]
[-258.          185.75492859]
[-258.49804688  185.24520874]
[-258.49804688  184.22175598]
[-259.          183.70802307]
[-259.49804688  183.19828796]
[-259.49804688  182.17483521]
[-260.          181.66111755]
[-260.49804688  181.15138245]
[-261.          180.63766479]
[-261.49804688  180.12792969]
[-261.49804688  179.10447693]
[-262.          178.59074402]
[-262.49804688  178.08102417]
[-262.49804688  177.05757141]
[-263.         176.5438385]
[-263.49804688  176.03411865]
[-263.49804688  175.01066589]
[-264.          174.49693298]
[-264.49804688  173.98721313]
[-264.49804688  172.96374512]
[-265.          172.45002747]
[-265.49804688  171.94029236]
[-266.          171.42657471]
[-266.49804688  170.9168396 ]
[-266.49804688  169.89338684]
[-267.          169.37966919]
[-267.49804688  168.86993408]
[-267.49804688  167.84648132]
[-268.          167.33274841]
[-268.49804688  166.82302856]
[-268.49804688  165.79957581]
[-269.         165.2858429]
[-269.49804688  164.77612305]
[-269.49804688  163.75267029]
[-269.49804688  162.72921753]
[-269.49804688  161.70574951]
[-270.          161.19203186]
[-270.49804688  160.68229675]
[-270.49804688  159.65884399]
[-270.49804688  158.63539124]
[-270.49804688  157.61193848]
[-270.49804688  156.58848572]
[-270.49804688  155.56503296]
[-270.49804688  154.5415802 ]
[-270.49804688  153.51812744]
[-270.49804688  152.49467468]
press any key0.473536
fti [[ 1 33 34]
 [34 35  1]
 [ 2 35 36]
 [ 2  1 35]
 [71 32  0]
 [ 0  1  3]
 [ 0 32 33]
 [31  0  3]
 [ 0 31 71]
 [33  1  0]
 [71 31 70]
 [ 3  1  2]
 [37  2 36]
 [ 2 37  3]
 [37 38  3]
 [ 3 38  4]
 [ 4 30 31]
 [ 5  4 39]
 [ 5 40  6]
 [39 40  5]
 [ 4 38 39]
 [30  4  5]
 [ 4 31  3]
 [41  6 40]
 [69 70 30]
 [30 29 69]
 [28 29  6]
 [31 30 70]
 [69 29 68]
 [67 68 28]
 [65 66 27]
 [67 27 66]
 [28 27 67]
 [68 29 28]
 [30  5 29]
 [25 65 26]
 [26 27  7]
 [ 7 27 28]
 [ 7  6 41]
 [28  6  7]
 [25 26  8]
 [64 25 24]
 [64 65 25]
 [63 24 62]
 [24 63 64]
 [23 62 24]
 [24 25  8]
 [ 7  8 26]
 [26 65 27]
 [ 6 29  5]
 [42  7 41]
 [42 43  8]
 [11 45 12]
 [ 8  9 23]
 [ 8 43  9]
 [45 10 44]
 [10 45 11]
 [21 10 11]
 [44 10  9]
 [43 44  9]
 [ 9 10 22]
 [45 46 12]
 [ 8 23 24]
 [14 47 48]
 [48 49 14]
 [50 15 49]
 [19 12 13]
 [12 46 13]
 [49 15 14]
 [15 50 51]
 [14 15 16]
 [13 14 18]
 [13 47 14]
 [12 20 11]
 [13 46 47]
 [16 15 51]
 [23 22 61]
 [22 23  9]
 [58 20 57]
 [19 20 12]
 [22 10 21]
 [21 11 20]
 [61 22 60]
 [21 58 59]
 [58 21 20]
 [59 60 22]
 [21 59 22]
 [20 19 57]
 [61 62 23]
 [17 16 53]
 [16 17 18]
 [52 53 16]
 [16 51 52]
 [17 53 54]
 [57 19 56]
 [17 55 18]
 [55 17 54]
 [18 55 56]
 [18 56 19]
 [19 13 18]
 [14 16 18]
 [ 7 42  8]]
added this many indicies to composite 72
trying to access 1
trying to access 33
trying to access 34
trying to access 34
trying to access 35
trying to access 1
trying to access 2
trying to access 35
trying to access 36
trying to access 2
trying to access 1
trying to access 35
trying to access 71
trying to access 32
trying to access 0
trying to access 0
trying to access 1
trying to access 3
trying to access 0
trying to access 32
trying to access 33
trying to access 31
trying to access 0
trying to access 3
trying to access 0
trying to access 31
trying to access 71
trying to access 33
trying to access 1
trying to access 0
trying to access 71
trying to access 31
trying to access 70
trying to access 3
trying to access 1
trying to access 2
trying to access 37
trying to access 2
trying to access 36
trying to access 2
trying to access 37
trying to access 3
trying to access 37
trying to access 38
trying to access 3
trying to access 3
trying to access 38
trying to access 4
trying to access 4
trying to access 30
trying to access 31
trying to access 5
trying to access 4
trying to access 39
trying to access 5
trying to access 40
trying to access 6
trying to access 39
trying to access 40
trying to access 5
trying to access 4
trying to access 38
trying to access 39
trying to access 30
trying to access 4
trying to access 5
trying to access 4
trying to access 31
trying to access 3
trying to access 41
trying to access 6
trying to access 40
trying to access 69
trying to access 70
trying to access 30
trying to access 30
trying to access 29
trying to access 69
trying to access 28
trying to access 29
trying to access 6
trying to access 31
trying to access 30
trying to access 70
trying to access 69
trying to access 29
trying to access 68
trying to access 67
trying to access 68
trying to access 28
trying to access 65
trying to access 66
trying to access 27
trying to access 67
trying to access 27
trying to access 66
trying to access 28
trying to access 27
trying to access 67
trying to access 68
trying to access 29
trying to access 28
trying to access 30
trying to access 5
trying to access 29
trying to access 25
trying to access 65
trying to access 26
trying to access 26
trying to access 27
trying to access 7
trying to access 7
trying to access 27
trying to access 28
trying to access 7
trying to access 6
trying to access 41
trying to access 28
trying to access 6
trying to access 7
trying to access 25
trying to access 26
trying to access 8
trying to access 64
trying to access 25
trying to access 24
trying to access 64
trying to access 65
trying to access 25
trying to access 63
trying to access 24
trying to access 62
trying to access 24
trying to access 63
trying to access 64
trying to access 23
trying to access 62
trying to access 24
trying to access 24
trying to access 25
trying to access 8
trying to access 7
trying to access 8
trying to access 26
trying to access 26
trying to access 65
trying to access 27
trying to access 6
trying to access 29
trying to access 5
trying to access 42
trying to access 7
trying to access 41
trying to access 42
trying to access 43
trying to access 8
trying to access 11
trying to access 45
trying to access 12
trying to access 8
trying to access 9
trying to access 23
trying to access 8
trying to access 43
trying to access 9
trying to access 45
trying to access 10
trying to access 44
trying to access 10
trying to access 45
trying to access 11
trying to access 21
trying to access 10
trying to access 11
trying to access 44
trying to access 10
trying to access 9
trying to access 43
trying to access 44
trying to access 9
trying to access 9
trying to access 10
trying to access 22
trying to access 45
trying to access 46
trying to access 12
trying to access 8
trying to access 23
trying to access 24
trying to access 14
trying to access 47
trying to access 48
trying to access 48
trying to access 49
trying to access 14
trying to access 50
trying to access 15
trying to access 49
trying to access 19
trying to access 12
trying to access 13
trying to access 12
trying to access 46
trying to access 13
trying to access 49
trying to access 15
trying to access 14
trying to access 15
trying to access 50
trying to access 51
trying to access 14
trying to access 15
trying to access 16
trying to access 13
trying to access 14
trying to access 18
trying to access 13
trying to access 47
trying to access 14
trying to access 12
trying to access 20
trying to access 11
trying to access 13
trying to access 46
trying to access 47
trying to access 16
trying to access 15
trying to access 51
trying to access 23
trying to access 22
trying to access 61
trying to access 22
trying to access 23
trying to access 9
trying to access 58
trying to access 20
trying to access 57
trying to access 19
trying to access 20
trying to access 12
trying to access 22
trying to access 10
trying to access 21
trying to access 21
trying to access 11
trying to access 20
trying to access 61
trying to access 22
trying to access 60
trying to access 21
trying to access 58
trying to access 59
trying to access 58
trying to access 21
trying to access 20
trying to access 59
trying to access 60
trying to access 22
trying to access 21
trying to access 59
trying to access 22
trying to access 20
trying to access 19
trying to access 57
trying to access 61
trying to access 62
trying to access 23
trying to access 17
trying to access 16
trying to access 53
trying to access 16
trying to access 17
trying to access 18
trying to access 52
trying to access 53
trying to access 16
trying to access 16
trying to access 51
trying to access 52
trying to access 17
trying to access 53
trying to access 54
trying to access 57
trying to access 19
trying to access 56
trying to access 17
trying to access 55
trying to access 18
trying to access 55
trying to access 17
trying to access 54
trying to access 18
trying to access 55
trying to access 56
trying to access 18
trying to access 56
trying to access 19
trying to access 19
trying to access 13
trying to access 18
trying to access 14
trying to access 16
trying to access 18
trying to access 7
trying to access 42
trying to access 8
counter 0
point_in_grid False
point_in_grid False
point_in_grid True
counter 1
point_in_grid False
point_in_grid False
point_in_grid True
length of old_triangles 0
using: 4 out of 76
extra_segments
redo_segments [(0, 1), (1, 2), (2, 3), (3, 0), [4, 5], [5, 6], [6, 7], [7, 8], [8, 9], [9, 10], [10, 11], [11, 12], [12, 13], [13, 14], [14, 15], [15, 16], [16, 17], [17, 18], [18, 19], [19, 20], [20, 21], [21, 22], [22, 23], [23, 24], [24, 25], [25, 26], [26, 27], [27, 28], [28, 29], [29, 30], [30, 31], [31, 32], [32, 33], [33, 34], [34, 35], [35, 4], [36, 37], [37, 38], [38, 39], [39, 40], [40, 41], [41, 42], [42, 43], [43, 44], [44, 45], [45, 46], [46, 47], [47, 48], [48, 49], [49, 50], [50, 51], [51, 52], [52, 53], [53, 54], [54, 55], [55, 56], [56, 57], [57, 58], [58, 59], [59, 60], [60, 61], [61, 62], [62, 63], [63, 64], [64, 65], [65, 66], [66, 67], [67, 68], [68, 69], [69, 70], [70, 71], [71, 72], [72, 73], [73, 74], [74, 75], [75, 36]]
before triangulation
after triangulation
delauny_length 76 composite 76
out of: 2 using 0
tri: 146
quad: 1500
0.221181
0.047824
0.031665
^ draw time
0.012498
^ read time
new contours
[-349.49804688  319.31768799]
[-349.         318.8079834]
[-348.49804688  318.29425049]
[-348.49804688  317.27078247]
[-348.49804688  316.24734497]
[-348.49804688  315.22387695]
[-348.          314.71414185]
[-347.49804688  314.20043945]
[-347.49804688  313.17697144]
[-347.          312.66723633]
[-346.49804688  312.15350342]
[-346.49804688  311.13006592]
[-346.          310.62033081]
[-345.49804688  310.1065979 ]
[-345.          309.59689331]
[-344.49804688  309.0831604 ]
[-344.49804688  308.05969238]
[-344.          307.54998779]
[-343.49804688  307.03625488]
[-343.49804688  306.01278687]
[-343.          305.50305176]
[-342.49804688  304.98934937]
[-342.49804688  303.96588135]
[-342.          303.45614624]
[-341.49804688  302.94244385]
[-341.49804688  301.91897583]
[-341.          301.40924072]
[-340.49804688  300.89550781]
[-340.49804688  299.87207031]
[-340.          299.36233521]
[-339.49804688  298.84860229]
[-339.          298.33889771]
[-338.49804688  297.82516479]
[-338.49804688  296.80169678]
[-338.          296.29199219]
[-337.49804688  295.77825928]
[-337.          295.26852417]
[-336.49804688  294.75479126]
[-336.          294.24505615]
[-335.49804688  293.73135376]
[-335.          293.22161865]
[-334.49804688  292.70788574]
[-334.49804688  291.68444824]
[-334.          291.17471313]
[-333.49804688  290.66098022]
[-333.          290.15124512]
[-332.49804688  289.63751221]
[-332.          289.12780762]
[-331.49804688  288.61407471]
[-331.         288.1043396]
[-330.49804688  287.59060669]
[-330.         287.0809021]
[-329.49804688  286.56716919]
[-329.49804688  285.54370117]
[-329.          285.03399658]
[-328.49804688  284.52026367]
[-328.          284.01052856]
[-327.49804688  283.49679565]
[-327.          282.98706055]
[-326.49804688  282.47335815]
[-326.          281.96362305]
[-325.49804688  281.44989014]
[-325.          280.94015503]
[-324.49804688  280.42645264]
[-324.          279.91671753]
[-323.49804688  279.40298462]
[-323.          278.89324951]
[-322.49804688  278.3795166 ]
[-322.          277.86981201]
[-321.49804688  277.3560791 ]
[-321.          276.84634399]
[-320.49804688  276.33261108]
[-320.          275.82290649]
[-319.49804688  275.30917358]
[-319.49804688  274.28570557]
[-319.          273.77600098]
[-318.49804688  273.26226807]
[-318.          272.75253296]
[-317.49804688  272.23880005]
[-317.          271.72906494]
[-316.49804688  271.21536255]
[-316.          270.70562744]
[-315.49804688  270.19189453]
[-315.          269.68215942]
[-314.49804688  269.16845703]
[-314.          268.65872192]
[-313.49804688  268.14498901]
[-313.          267.63525391]
[-312.49804688  267.121521  ]
[-312.          266.61181641]
[-311.49804688  266.0980835 ]
[-311.          265.58834839]
[-310.49804688  265.07461548]
[-310.          264.56491089]
[-309.49804688  264.05117798]
[-309.          263.54144287]
[-308.49804688  263.02770996]
[-308.          262.51800537]
[-307.49804688  262.00427246]
[-307.          261.49453735]
[-306.49804688  260.98080444]
[-306.          260.47106934]
[-305.49804688  259.95736694]
[-305.          259.44763184]
[-304.49804688  258.93389893]
[-304.49804688  257.91046143]
[-304.          257.40072632]
[-303.49804688  256.88699341]
[-303.         256.3772583]
[-302.49804688  255.86354065]
[-302.          255.35380554]
[-301.49804688  254.84008789]
[-301.          254.33035278]
[-300.49804688  253.81663513]
[-300.          253.30690002]
[-299.49804688  252.79318237]
[-299.          252.28344727]
[-298.49804688  251.76972961]
[-298.          251.25999451]
[-297.49804688  250.7462616 ]
[-297.          250.23654175]
[-296.49804688  249.72280884]
[-296.          249.21308899]
[-295.49804688  248.69935608]
[-295.          248.18963623]
[-294.49804688  247.67590332]
[-294.          247.16618347]
[-293.          247.16618347]
[-292.49804688  246.65245056]
[-292.          246.14273071]
[-291.49804688  245.6289978 ]
[-291.         245.1192627]
[-290.49804688  244.60554504]
[-290.          244.09580994]
[-289.49804688  243.58209229]
[-289.          243.07235718]
[-288.49804688  242.55863953]
[-288.          242.04890442]
[-287.49804688  241.53518677]
[-287.          241.02545166]
[-286.49804688  240.51173401]
[-286.         240.0019989]
[-285.49804688  239.48826599]
[-285.          238.97854614]
[-284.49804688  238.46481323]
[-284.          237.95509338]
[-283.49804688  237.44136047]
[-283.          236.93164062]
[-282.49804688  236.41790771]
[-282.          235.90818787]
[-281.49804688  235.39445496]
[-281.          234.88473511]
[-280.49804688  234.3710022 ]
[-280.          233.86126709]
[-279.          233.86126709]
[-278.49804688  233.34754944]
[-278.          232.83781433]
[-277.49804688  232.32409668]
[-277.          231.81436157]
[-276.49804688  231.30064392]
[-276.          230.79090881]
[-275.49804688  230.27719116]
[-275.          229.76745605]
[-274.49804688  229.2537384 ]
[-274.         228.7440033]
[-273.         228.7440033]
[-272.49804688  228.23027039]
[-272.          227.72055054]
[-271.49804688  227.20681763]
[-271.          226.69709778]
[-270.49804688  226.18336487]
[-270.          225.67364502]
[-269.49804688  225.15991211]
[-269.          224.65019226]
[-268.49804688  224.13645935]
[-268.         223.6267395]
[-267.         223.6267395]
[-266.49804688  223.11300659]
[-266.          222.60327148]
[-265.49804688  222.08955383]
[-265.          221.57981873]
[-264.49804688  221.06610107]
[-264.          220.55636597]
[-263.49804688  220.04264832]
[-263.          219.53291321]
[-262.          219.53291321]
[-261.49804688  219.01919556]
[-261.          218.50946045]
[-260.49804688  217.9957428 ]
[-260.          217.48600769]
[-259.49804688  216.97227478]
[-259.          216.46255493]
[-258.49804688  215.94882202]
[-258.          215.43910217]
[-257.49804688  214.92536926]
[-257.          214.41564941]
[-256.          214.41564941]
[-255.49804688  213.9019165 ]
[-255.          213.39219666]
[-254.49804688  212.87846375]
[-254.         212.3687439]
[-253.49804688  211.85501099]
[-253.          211.34527588]
[-252.49804688  210.83155823]
[-252.          210.32182312]
[-251.49804688  209.80810547]
[-251.          209.29837036]
[-250.          209.29837036]
[-249.49804688  208.78465271]
[-249.         208.2749176]
[-248.49804688  207.76119995]
[-248.          207.25146484]
[-247.49804688  206.73774719]
[-247.          206.22801208]
[-246.49804688  205.71427917]
[-246.          205.20455933]
[-245.          205.20455933]
[-244.49804688  204.69082642]
[-244.          204.18110657]
[-243.49804688  203.66737366]
[-243.          203.15765381]
[-242.49804688  202.6439209 ]
[-242.          202.13420105]
[-241.49804688  201.62046814]
[-241.          201.11074829]
[-240.49804688  200.59701538]
[-240.          200.08728027]
[-239.          200.08728027]
[-238.49804688  199.57356262]
[-238.          199.06382751]
[-237.49804688  198.55010986]
[-237.          198.04037476]
[-236.          198.04037476]
[-235.49804688  197.5266571 ]
[-235.        197.016922]
[-234.49804688  196.50320435]
[-234.          195.99346924]
[-233.          195.99346924]
[-232.49804688  195.47975159]
[-232.          194.97001648]
[-231.49804688  194.45628357]
[-231.          193.94656372]
[-230.          193.94656372]
[-229.49804688  193.43283081]
[-229.          192.92311096]
[-228.49804688  192.40937805]
[-228.         191.8996582]
[-227.         191.8996582]
[-226.49804688  191.38592529]
[-226.          190.87620544]
[-225.          190.87620544]
[-224.49804688  190.36247253]
[-224.          189.85275269]
[-223.49804688  189.33901978]
[-223.          188.82928467]
[-222.          188.82928467]
[-221.49804688  188.31556702]
[-221.          187.80583191]
[-220.49804688  187.29211426]
[-220.          186.78237915]
[-219.          186.78237915]
[-218.49804688  186.2686615 ]
[-218.          185.75892639]
[-217.49804688  185.24520874]
[-217.          184.73547363]
[-216.49804688  184.22175598]
[-216.          183.71202087]
[-215.49804688  183.19828796]
[-215.          182.68856812]
[-214.          182.68856812]
[-213.49804688  182.17483521]
[-213.          181.66511536]
[-212.49804688  181.15138245]
[-212.         180.6416626]
[-211.49804688  180.12792969]
[-211.          179.61820984]
[-210.          179.61820984]
[-209.49804688  179.10447693]
[-209.          178.59475708]
[-208.49804688  178.08102417]
[-208.          177.57128906]
[-207.49804688  177.05757141]
[-207.         176.5478363]
[-206.49804688  176.03411865]
[-206.          175.52438354]
[-205.          175.52438354]
[-204.49804688  175.01066589]
[-204.          174.50093079]
[-203.49804688  173.98721313]
[-203.          173.47747803]
[-202.49804688  172.96374512]
[-202.          172.45402527]
[-201.          172.45402527]
[-200.49804688  171.94029236]
[-200.          171.43057251]
[-199.49804688  170.9168396 ]
[-199.          170.40711975]
[-198.49804688  169.89338684]
[-198.          169.38366699]
[-197.          169.38366699]
[-196.49804688  168.86993408]
[-196.          168.36021423]
[-195.49804688  167.84648132]
[-195.          167.33674622]
[-194.49804688  166.82302856]
[-194.          166.31329346]
[-193.          166.31329346]
[-192.49804688  165.79957581]
[-192.         165.2898407]
[-191.49804688  164.77612305]
[-191.          164.26638794]
[-190.          164.26638794]
[-189.49804688  163.75267029]
[-189.          163.24293518]
[-188.49804688  162.72921753]
[-188.          162.21948242]
[-187.49804688  161.70574951]
[-187.          161.19602966]
[-186.          161.19602966]
[-185.49804688  160.68229675]
[-185.         160.1725769]
[-184.49804688  159.65884399]
[-184.          159.14912415]
[-183.49804688  158.63539124]
[-183.          158.12567139]
[-182.          158.12567139]
[-181.49804688  157.61193848]
[-181.          157.10221863]
[-180.49804688  156.58848572]
[-180.          156.07875061]
[-179.49804688  155.56503296]
[-179.          155.05529785]
[-178.49804688  154.5415802 ]
[-178.          154.03184509]
[-177.          154.03184509]
[-176.49804688  153.51812744]
[-176.          153.00839233]
[-175.49804688  152.49467468]
[-175.          151.98493958]
[-174.49804688  151.47122192]
[-174.          150.96148682]
[-173.49804688  150.44775391]
[-173.          149.93803406]
[-172.          149.93803406]
[-171.49804688  149.42430115]
[-171.         148.9145813]
[-170.49804688  148.40084839]
[-170.          147.89112854]
[-169.49804688  147.37739563]
[-169.          146.86767578]
[-168.          146.86767578]
[-167.49804688  146.35394287]
[-167.          145.84422302]
[-166.49804688  145.33049011]
[-166.        144.820755]
[-165.49804688  144.30703735]
[-165.          143.79730225]
[-164.49804688  143.28358459]
[-164.          142.77384949]
[-163.          142.77384949]
[-162.49804688  142.26013184]
[-162.          141.75039673]
[-161.49804688  141.23667908]
[-161.          140.72694397]
[-160.49804688  140.21322632]
[-160.          139.70349121]
[-159.          139.70349121]
[-158.49804688  139.1897583 ]
[-158.          138.68003845]
[-157.49804688  138.16630554]
[-157.          137.65658569]
[-156.49804688  137.14285278]
[-156.          136.63313293]
[-155.49804688  136.11940002]
[-155.          135.60968018]
[-154.          135.60968018]
[-153.49804688  135.09594727]
[-153.          134.58622742]
[-152.49804688  134.07249451]
[-152.         133.5627594]
[-151.49804688  133.04904175]
[-151.          132.53930664]
[-150.          132.53930664]
[-149.49804688  132.02558899]
[-149.          131.51585388]
[-148.49804688  131.00213623]
[-148.          130.49240112]
[-147.49804688  129.97868347]
[-147.          129.46894836]
[-146.49804688  128.95523071]
[-146.          128.44549561]
[-145.          128.44549561]
[-144.49804688  127.93177032]
[-144.          127.42204285]
[-143.49804688  126.90831757]
[-143.          126.39859009]
[-142.49804688  125.88486481]
[-142.         125.3751297]
[-141.49804688  124.86140442]
[-141.          124.35167694]
[-140.          124.35167694]
[-139.49804688  123.83795166]
[-139.          123.32822418]
[-138.49804688  122.8144989 ]
[-138.          122.30477142]
[-137.49804688  121.79104614]
[-137.          121.28131866]
[-136.49804688  120.76759338]
[-136.          120.25786591]
[-135.49804688  119.744133  ]
[-135.          119.23440552]
[-134.49804688  118.72068024]
[-134.          118.21095276]
[-133.49804688  117.69722748]
[-133.      117.1875]
[-132.      117.1875]
[-131.49804688  116.67377472]
[-131.          116.16404724]
[-130.49804688  115.65032196]
[-130.          115.14059448]
[-129.49804688  114.6268692 ]
[-129.          114.11713409]
[-128.49804688  113.60340881]
[-128.          113.09368134]
[-127.49804688  112.57995605]
[-127.          112.07022858]
[-126.49804688  111.5565033 ]
[-126.          111.04677582]
[-125.          111.04677582]
[-124.49804688  110.53305054]
[-124.          110.02332306]
[-123.49804688  109.50959778]
[-123.         108.9998703]
[-122.49804688  108.48613739]
[-122.          107.97640991]
[-121.49804688  107.46268463]
[-121.          106.95295715]
[-120.49804688  106.43923187]
[-120.          105.92950439]
[-119.49804688  105.41577911]
[-119.          104.90605164]
[-118.          104.90605164]
[-117.49804688  104.39232635]
[-117.          103.88259888]
[-116.49804688  103.3688736 ]
[-116.          102.85913849]
[-115.49804688  102.34541321]
[-115.          101.83568573]
[-114.49804688  101.32196045]
[-114.          100.81223297]
[-113.49804688  100.29850769]
[-113.           99.78878021]
[-112.49804688   99.27505493]
[-112.           98.76532745]
[-111.           98.76532745]
[-110.49804688   98.25160217]
[-110.           97.74187469]
[-109.49804688   97.22814178]
[-109.           96.71841431]
[-108.49804688   96.20468903]
[-108.           95.69496155]
[-107.49804688   95.18123627]
[-107.           94.67150879]
[-106.           94.67150879]
[-105.49804688   94.15778351]
[-105.           93.64805603]
[-104.49804688   93.13433075]
[-104.           92.62460327]
[-103.49804688   92.11087799]
[-103.           91.60114288]
[-102.           91.60114288]
[-101.49804688   91.0874176 ]
[-101.           90.57769012]
[-100.49804688   90.06396484]
[-100.           89.55423737]
[-99.49804688  89.04051208]
[-99.          88.53078461]
[-98.49804688  88.01705933]
[-98.          87.50733185]
[-97.          87.50733185]
[-96.49804688  86.99360657]
[-96.          86.48387146]
[-95.49804688  85.97014618]
[-95.         85.4604187]
[-94.49804688  84.94669342]
[-94.          84.43696594]
[-93.          84.43696594]
[-92.49804688  83.92324066]
[-92.          83.41351318]
[-91.49804688  82.8997879 ]
[-91.          82.39006042]
[-90.          82.39006042]
[-89.49804688  81.87633514]
[-89.          81.36660767]
[-88.          81.36660767]
[-87.49804688  80.85287476]
[-87.          80.34314728]
[-86.          80.34314728]
[-85.          80.34314728]
[-84.          80.34314728]
[-83.49804688  79.829422  ]
[-83.          79.31969452]
[-82.          79.31969452]
[-81.          79.31969452]
[-80.          79.31969452]
[-79.          79.31969452]
[-78.          79.31969452]
[-77.          79.31969452]
[-76.          79.31969452]
[-75.          79.31969452]
[-74.          79.31969452]
[-73.50195312  79.829422  ]
[-73.          80.34314728]
[-72.          80.34314728]
[-71.          80.34314728]
[-70.          80.34314728]
[-69.50195312  80.85287476]
[-69.          81.36660767]
[-68.          81.36660767]
[-67.50195312  81.87633514]
[-67.          82.39006042]
[-66.          82.39006042]
[-65.50195312  82.8997879 ]
[-65.          83.41351318]
[-64.50195312  83.92324066]
[-64.          84.43696594]
[-63.          84.43696594]
[-62.50195312  84.94669342]
[-62.         85.4604187]
[-61.50195312  85.97014618]
[-61.          86.48387146]
[-60.50195312  86.99360657]
[-60.          87.50733185]
[-59.50195312  88.01705933]
[-59.          88.53078461]
[-58.50195312  89.04051208]
[-58.50195312  90.06396484]
[-58.          90.57769012]
[-57.50195312  91.0874176 ]
[-57.          91.60114288]
[-56.50195312  92.11087799]
[-56.50195312  93.13433075]
[-56.          93.64805603]
[-55.50195312  94.15778351]
[-55.50195312  95.18123627]
[-55.          95.69496155]
[-54.50195312  96.20468903]
[-54.50195312  97.22814178]
[-54.50195312  98.25160217]
[-54.50195312  99.27505493]
[-54.          99.78878021]
[ -53.50195312  100.29850769]
[ -53.50195312  101.32196045]
[ -53.50195312  102.34541321]
[ -53.50195312  103.3688736 ]
[ -53.50195312  104.39232635]
[ -53.50195312  105.41577911]
[ -53.50195312  106.43923187]
[ -53.50195312  107.46268463]
[ -53.50195312  108.48613739]
[ -53.50195312  109.50959778]
[ -54.          110.01932526]
[ -54.50195312  110.53305054]
[ -54.50195312  111.5565033 ]
[ -54.50195312  112.57995605]
[ -54.50195312  113.60340881]
[ -55.          114.11313629]
[ -55.50195312  114.6268692 ]
[ -55.50195312  115.65032196]
[ -56.          116.16004944]
[ -56.50195312  116.67377472]
[ -56.50195312  117.69722748]
[ -57.          118.20695496]
[ -57.50195312  118.72068024]
[ -58.          119.23040771]
[ -58.50195312  119.744133  ]
[ -58.50195312  120.76759338]
[ -59.          121.27732086]
[ -59.50195312  121.79104614]
[ -60.          122.30077362]
[ -60.50195312  122.8144989 ]
[ -61.          123.32422638]
[ -61.50195312  123.83795166]
[ -62.          124.34767914]
[ -62.50195312  124.86140442]
[ -63.         125.3711319]
[ -64.         125.3711319]
[ -64.50195312  125.88486481]
[ -65.          126.39459229]
[ -65.50195312  126.90831757]
[ -66.          127.41804504]
[ -66.50195312  127.93177032]
[ -67.         128.4414978]
[ -67.50195312  128.95523071]
[ -68.          129.46495056]
[ -69.          129.46495056]
[ -69.50195312  129.97868347]
[ -70.          130.48840332]
[ -70.50195312  131.00213623]
[ -71.          131.51185608]
[ -71.50195312  132.02558899]
[ -72.          132.53530884]
[ -73.          132.53530884]
[ -73.50195312  133.04904175]
[ -74.         133.5587616]
[ -74.50195312  134.07249451]
[ -75.          134.58222961]
[ -75.50195312  135.09594727]
[ -76.          135.60568237]
[ -76.50195312  136.11940002]
[ -77.          136.62913513]
[ -78.          136.62913513]
[ -78.50195312  137.14285278]
[ -79.          137.65258789]
[ -79.50195312  138.16630554]
[ -80.          138.67604065]
[ -80.50195312  139.1897583 ]
[ -81.          139.69949341]
[ -82.          139.69949341]
[ -82.50195312  140.21322632]
[ -83.          140.72294617]
[ -83.50195312  141.23667908]
[ -84.          141.74639893]
[ -84.50195312  142.26013184]
[ -85.          142.76985168]
[ -85.50195312  143.28358459]
[ -86.          143.79330444]
[ -86.50195312  144.30703735]
[ -87.         144.8167572]
[ -87.50195312  145.33049011]
[ -88.          145.84022522]
[ -89.          145.84022522]
[ -89.50195312  146.35394287]
[ -90.          146.86367798]
[ -90.50195312  147.37739563]
[ -91.          147.88713074]
[ -91.50195312  148.40084839]
[ -92.         148.9105835]
[ -92.50195312  149.42430115]
[ -93.          149.93403625]
[ -93.50195312  150.44775391]
[ -94.          150.95748901]
[ -94.50195312  151.47122192]
[ -95.          151.98094177]
[ -95.50195312  152.49467468]
[ -96.          153.00439453]
[ -97.          153.00439453]
[ -97.50195312  153.51812744]
[ -98.          154.02784729]
[ -98.50195312  154.5415802 ]
[ -99.          155.05130005]
[ -99.50195312  155.56503296]
[-100.          156.07475281]
[-100.50195312  156.58848572]
[-101.          157.09822083]
[-101.50195312  157.61193848]
[-102.          158.12167358]
[-102.50195312  158.63539124]
[-103.          159.14512634]
[-103.50195312  159.65884399]
[-104.         160.1685791]
[-105.         160.1685791]
[-105.50195312  160.68229675]
[-106.          161.19203186]
[-106.50195312  161.70574951]
[-107.          162.21548462]
[-107.50195312  162.72921753]
[-108.          163.23893738]
[-108.50195312  163.75267029]
[-109.          164.26239014]
[-109.50195312  164.77612305]
[-110.         165.2858429]
[-110.50195312  165.79957581]
[-111.          166.30929565]
[-112.          166.30929565]
[-112.50195312  166.82302856]
[-113.          167.33274841]
[-113.50195312  167.84648132]
[-114.          168.35621643]
[-114.50195312  168.86993408]
[-115.          169.37966919]
[-116.          169.37966919]
[-116.50195312  169.89338684]
[-117.          170.40312195]
[-117.50195312  170.9168396 ]
[-118.          171.42657471]
[-118.50195312  171.94029236]
[-119.          172.45002747]
[-119.50195312  172.96374512]
[-120.          173.47348022]
[-121.          173.47348022]
[-121.50195312  173.98721313]
[-122.          174.49693298]
[-122.50195312  175.01066589]
[-123.          175.52038574]
[-123.50195312  176.03411865]
[-124.         176.5438385]
[-125.         176.5438385]
[-125.50195312  177.05757141]
[-126.          177.56729126]
[-126.50195312  178.08102417]
[-127.          178.59074402]
[-127.50195312  179.10447693]
[-128.          179.61421204]
[-128.50195312  180.12792969]
[-129.          180.63766479]
[-130.          180.63766479]
[-130.50195312  181.15138245]
[-131.          181.66111755]
[-131.50195312  182.17483521]
[-132.          182.68457031]
[-132.50195312  183.19828796]
[-133.          183.70802307]
[-134.          183.70802307]
[-134.50195312  184.22175598]
[-135.          184.73147583]
[-135.50195312  185.24520874]
[-136.          185.75492859]
[-136.50195312  186.2686615 ]
[-137.          186.77838135]
[-137.50195312  187.29211426]
[-138.          187.80183411]
[-139.          187.80183411]
[-139.50195312  188.31556702]
[-140.          188.82528687]
[-140.50195312  189.33901978]
[-141.          189.84875488]
[-141.50195312  190.36247253]
[-142.          190.87220764]
[-142.50195312  191.38592529]
[-143.         191.8956604]
[-144.         191.8956604]
[-144.50195312  192.40937805]
[-145.          192.91911316]
[-145.50195312  193.43283081]
[-146.          193.94256592]
[-146.50195312  194.45628357]
[-147.          194.96601868]
[-148.          194.96601868]
[-148.50195312  195.47975159]
[-149.          195.98947144]
[-149.50195312  196.50320435]
[-150.          197.01292419]
[-150.50195312  197.5266571 ]
[-151.          198.03637695]
[-151.50195312  198.55010986]
[-152.          199.05982971]
[-153.          199.05982971]
[-153.50195312  199.57356262]
[-154.          200.08328247]
[-154.50195312  200.59701538]
[-155.          201.10675049]
[-155.50195312  201.62046814]
[-156.          202.13020325]
[-157.          202.13020325]
[-157.50195312  202.6439209 ]
[-158.          203.15365601]
[-158.50195312  203.66737366]
[-159.          204.17710876]
[-159.50195312  204.69082642]
[-160.          205.20056152]
[-161.          205.20056152]
[-161.50195312  205.71427917]
[-162.          206.22401428]
[-162.50195312  206.73774719]
[-163.          207.24746704]
[-164.          207.24746704]
[-164.50195312  207.76119995]
[-165.         208.2709198]
[-165.50195312  208.78465271]
[-166.          209.29437256]
[-166.50195312  209.80810547]
[-167.          210.31782532]
[-168.          210.31782532]
[-168.50195312  210.83155823]
[-169.          211.34127808]
[-169.50195312  211.85501099]
[-170.          212.36474609]
[-170.50195312  212.87846375]
[-171.          213.38819885]
[-172.          213.38819885]
[-172.50195312  213.9019165 ]
[-173.          214.41165161]
[-173.50195312  214.92536926]
[-174.          215.43510437]
[-174.50195312  215.94882202]
[-175.          216.45855713]
[-175.50195312  216.97227478]
[-176.          217.48200989]
[-177.          217.48200989]
[-177.50195312  217.9957428 ]
[-178.          218.50546265]
[-178.50195312  219.01919556]
[-179.          219.52891541]
[-179.50195312  220.04264832]
[-180.          220.55236816]
[-181.          220.55236816]
[-181.50195312  221.06610107]
[-182.          221.57582092]
[-182.50195312  222.08955383]
[-183.          222.59927368]
[-183.50195312  223.11300659]
[-184.         223.6227417]
[-184.50195312  224.13645935]
[-185.          224.64619446]
[-186.          224.64619446]
[-186.50195312  225.15991211]
[-187.          225.66964722]
[-187.50195312  226.18336487]
[-188.          226.69309998]
[-188.50195312  227.20681763]
[-189.          227.71655273]
[-190.          227.71655273]
[-190.50195312  228.23027039]
[-191.          228.74000549]
[-191.50195312  229.2537384 ]
[-192.          229.76345825]
[-193.          229.76345825]
[-193.50195312  230.27719116]
[-194.          230.78691101]
[-194.50195312  231.30064392]
[-195.          231.81036377]
[-196.          231.81036377]
[-196.50195312  232.32409668]
[-197.          232.83381653]
[-197.50195312  233.34754944]
[-198.          233.85726929]
[-199.          233.85726929]
[-199.50195312  234.3710022 ]
[-200.         234.8807373]
[-200.50195312  235.39445496]
[-201.          235.90419006]
[-202.          235.90419006]
[-202.50195312  236.41790771]
[-203.          236.92764282]
[-204.          236.92764282]
[-204.50195312  237.44136047]
[-205.          237.95109558]
[-205.50195312  238.46481323]
[-206.          238.97454834]
[-207.          238.97454834]
[-207.50195312  239.48826599]
[-208.         239.9980011]
[-208.50195312  240.51173401]
[-209.          241.02145386]
[-210.          241.02145386]
[-210.50195312  241.53518677]
[-211.          242.04490662]
[-211.50195312  242.55863953]
[-212.          243.06835938]
[-212.50195312  243.58209229]
[-213.          244.09181213]
[-213.50195312  244.60554504]
[-214.          245.11526489]
[-214.50195312  245.6289978 ]
[-215.          246.13873291]
[-216.          246.13873291]
[-216.50195312  246.65245056]
[-217.          247.16218567]
[-217.50195312  247.67590332]
[-218.          248.18563843]
[-218.50195312  248.69935608]
[-219.          249.20909119]
[-219.50195312  249.72280884]
[-220.          250.23254395]
[-220.50195312  250.7462616 ]
[-221.         251.2559967]
[-222.         251.2559967]
[-222.50195312  251.76972961]
[-223.          252.27944946]
[-223.50195312  252.79318237]
[-224.          253.30290222]
[-224.50195312  253.81663513]
[-225.          254.32635498]
[-225.50195312  254.84008789]
[-226.          255.34980774]
[-227.          255.34980774]
[-227.50195312  255.86354065]
[-228.         256.3732605]
[-228.50195312  256.88699341]
[-229.          257.39672852]
[-229.50195312  257.91046143]
[-230.          258.42016602]
[-230.50195312  258.93389893]
[-231.          259.44363403]
[-231.50195312  259.95736694]
[-232.          260.46707153]
[-233.          260.46707153]
[-233.50195312  260.98080444]
[-234.          261.49053955]
[-234.50195312  262.00427246]
[-235.          262.51400757]
[-235.50195312  263.02770996]
[-236.          263.53744507]
[-236.50195312  264.05117798]
[-237.          264.56091309]
[-237.50195312  265.07461548]
[-238.          265.58435059]
[-239.          265.58435059]
[-239.50195312  266.0980835 ]
[-240.         266.6078186]
[-240.50195312  267.121521  ]
[-241.         267.6312561]
[-241.50195312  268.14498901]
[-242.          268.65472412]
[-242.50195312  269.16845703]
[-243.          269.67816162]
[-244.          269.67816162]
[-244.50195312  270.19189453]
[-245.          270.70162964]
[-245.50195312  271.21536255]
[-246.          271.72506714]
[-246.50195312  272.23880005]
[-247.          272.74853516]
[-247.50195312  273.26226807]
[-248.          273.77200317]
[-248.50195312  274.28570557]
[-249.          274.79544067]
[-249.50195312  275.30917358]
[-250.          275.81890869]
[-250.50195312  276.33261108]
[-251.          276.84234619]
[-251.50195312  277.3560791 ]
[-252.          277.86581421]
[-253.          277.86581421]
[-253.50195312  278.3795166 ]
[-254.          278.88925171]
[-254.50195312  279.40298462]
[-255.          279.91271973]
[-255.50195312  280.42645264]
[-256.          280.93615723]
[-256.50195312  281.44989014]
[-257.          281.95962524]
[-257.50195312  282.47335815]
[-258.          282.98306274]
[-258.50195312  283.49679565]
[-259.          284.00653076]
[-259.50195312  284.52026367]
[-260.          285.02999878]
[-260.50195312  285.54370117]
[-261.          286.05343628]
[-261.50195312  286.56716919]
[-262.         287.0769043]
[-262.50195312  287.59060669]
[-263.         288.1003418]
[-263.50195312  288.61407471]
[-264.          289.12380981]
[-264.50195312  289.63751221]
[-265.          290.14724731]
[-265.50195312  290.66098022]
[-266.          291.17071533]
[-266.50195312  291.68444824]
[-267.          292.19415283]
[-267.50195312  292.70788574]
[-268.          293.21762085]
[-268.50195312  293.73135376]
[-269.          294.24105835]
[-269.50195312  294.75479126]
[-270.          295.26452637]
[-270.50195312  295.77825928]
[-271.          296.28799438]
[-271.50195312  296.80169678]
[-272.          297.31143188]
[-272.50195312  297.82516479]
[-273.         298.3348999]
[-273.50195312  298.84860229]
[-274.         299.3583374]
[-274.50195312  299.87207031]
[-274.50195312  300.89550781]
[-275.          301.40524292]
[-275.50195312  301.91897583]
[-276.          302.42871094]
[-276.50195312  302.94244385]
[-277.          303.45214844]
[-277.50195312  303.96588135]
[-278.          304.47561646]
[-278.50195312  304.98934937]
[-279.          305.49905396]
[-279.50195312  306.01278687]
[-280.          306.52252197]
[-280.50195312  307.03625488]
[-281.          307.54598999]
[-281.50195312  308.05969238]
[-282.          308.56942749]
[-282.50195312  309.0831604 ]
[-283.          309.59289551]
[-283.50195312  310.1065979 ]
[-284.          310.61633301]
[-284.50195312  311.13006592]
[-285.          311.63980103]
[-285.50195312  312.15350342]
[-286.          312.66323853]
[-286.50195312  313.17697144]
[-287.          313.68670654]
[-287.50195312  314.20043945]
[-287.50195312  315.22387695]
[-288.          315.73361206]
[-288.50195312  316.24734497]
[-289.          316.75704956]
[-289.50195312  317.27078247]
[-290.          317.78051758]
[-290.50195312  318.29425049]
[-291.         318.8039856]
[-291.50195312  319.31768799]
[-292.         319.8274231]
[-292.50195312  320.34115601]
[-293.          320.85089111]
[-293.50195312  321.36459351]
[-293.50195312  322.38806152]
[-294.          322.89779663]
[-294.50195312  323.41149902]
[-295.          323.92123413]
[-295.50195312  324.43496704]
[-296.          324.94470215]
[-296.50195312  325.45843506]
[-297.          325.96813965]
[-297.50195312  326.48187256]
[-297.50195312  327.50534058]
[-298.          328.01504517]
[-298.50195312  328.52877808]
[-298.50195312  329.55224609]
[-299.         330.0619812]
[-299.50195312  330.57568359]
[-299.50195312  331.59915161]
[-300.          332.10888672]
[-300.50195312  332.62258911]
[-300.50195312  333.64605713]
[-301.          334.15579224]
[-301.50195312  334.66949463]
[-301.50195312  335.69296265]
[-302.          336.20269775]
[-302.50195312  336.71643066]
[-303.          337.22613525]
[-303.50195312  337.73986816]
[-303.50195312  338.76333618]
[-304.          339.27304077]
[-304.50195312  339.78677368]
[-305.          340.29650879]
[-305.50195312  340.8102417 ]
[-306.          341.31997681]
[-306.50195312  341.8336792 ]
[-307.          342.34341431]
[-307.50195312  342.85714722]
[-308.          343.36688232]
[-308.50195312  343.88058472]
[-309.          344.39031982]
[-310.          344.39031982]
[-310.50195312  344.90405273]
[-311.          345.41378784]
[-311.50195312  345.92749023]
[-312.          346.43722534]
[-313.          346.43722534]
[-313.50195312  346.95095825]
[-314.          347.46069336]
[-315.          347.46069336]
[-315.50195312  347.97442627]
[-316.          348.48413086]
[-317.          348.48413086]
[-318.          348.48413086]
[-319.          348.48413086]
[-319.50195312  348.99786377]
[-320.          349.50759888]
[-321.          349.50759888]
[-322.          349.50759888]
[-323.          349.50759888]
[-324.          349.50759888]
[-325.          349.50759888]
[-326.          349.50759888]
[-327.          349.50759888]
[-328.          349.50759888]
[-329.          349.50759888]
[-329.49804688  348.99786377]
[-330.          348.48413086]
[-331.          348.48413086]
[-332.          348.48413086]
[-333.          348.48413086]
[-333.49804688  347.97442627]
[-334.          347.46069336]
[-335.          347.46069336]
[-335.49804688  346.95095825]
[-336.          346.43722534]
[-337.          346.43722534]
[-337.49804688  345.92749023]
[-338.          345.41378784]
[-338.49804688  344.90405273]
[-339.          344.39031982]
[-340.          344.39031982]
[-340.49804688  343.88058472]
[-341.          343.36688232]
[-341.49804688  342.85714722]
[-342.          342.34341431]
[-342.49804688  341.8336792 ]
[-343.          341.31997681]
[-343.49804688  340.8102417 ]
[-344.          340.29650879]
[-344.49804688  339.78677368]
[-344.49804688  338.76333618]
[-345.          338.24960327]
[-345.49804688  337.73986816]
[-346.          337.22613525]
[-346.49804688  336.71643066]
[-346.49804688  335.69296265]
[-347.          335.17922974]
[-347.49804688  334.66949463]
[-347.49804688  333.64605713]
[-348.          333.13232422]
[-348.49804688  332.62258911]
[-348.49804688  331.59915161]
[-348.49804688  330.57568359]
[-348.49804688  329.55224609]
[-349.          329.03851318]
[-349.49804688  328.52877808]
[-349.49804688  327.50534058]
[-349.49804688  326.48187256]
[-349.49804688  325.45843506]
[-349.49804688  324.43496704]
[-349.49804688  323.41149902]
[-349.49804688  322.38806152]
[-349.49804688  321.36459351]
press any key0.523441
fti [[ 6 49 50]
 [ 7 51  8]
 [ 8 51 52]
 [51  7 50]
 [ 6 50  7]
 [47 48  3]
 [ 3 48  4]
 [47  3  2]
 [48  5  4]
 [48 49  5]
 [ 5  6 36]
 [37  3  4]
 [49  6  5]
 [36  4  5]
 [35  6  7]
 [ 9 53 10]
 [10 53 54]
 [ 9  8 52]
 [54 11 10]
 [11 54 55]
 [11 55 12]
 [33 10 32]
 [ 9 10 33]
 [ 6 35 36]
 [ 7  8 34]
 [ 7 34 35]
 [83 36 35]
 [82 34 81]
 [33 34  8]
 [81 34 33]
 [34 82 35]
 [ 8  9 33]
 [83 35 82]
 [10 11 32]
 [ 9 52 53]
 [37  4 36]
 [ 0 44 45]
 [ 1 45 46]
 [ 0 40 43]
 [ 1  0 45]
 [ 2  1 46]
 [ 1 39  0]
 [47  2 46]
 [44  0 93]
 [92 42 91]
 [43 92 93]
 [42 90 91]
 [40 42 43]
 [41 90 42]
 [42 92 43]
 [93  0 43]
 [39  1  2]
 [38 86 39]
 [40  0 39]
 [39  2 38]
 [85 38 37]
 [84 85 37]
 [84 37 36]
 [ 3 37 38]
 [86 38 85]
 [89 41 88]
 [41 42 40]
 [88 41 40]
 [41 89 90]
 [40 87 88]
 [87 40 86]
 [40 39 86]
 [ 2  3 38]
 [84 36 83]
 [61 62 18]
 [62 19 18]
 [19 62 63]
 [19 63 64]
 [17 18 24]
 [61 18 17]
 [15 58 59]
 [14 57 58]
 [60 17 16]
 [17 60 61]
 [17 25 16]
 [60 16 59]
 [59 16 15]
 [24 18 19]
 [64 65 20]
 [20 65 66]
 [19 20 21]
 [21 66 67]
 [66 21 20]
 [21 67 68]
 [22 19 21]
 [23 24 19]
 [19 22 23]
 [23 22 69]
 [71 24 23]
 [23 69 70]
 [69 22 68]
 [22 21 68]
 [71 23 70]
 [20 19 64]
 [24 25 17]
 [56 13 12]
 [56 57 13]
 [30 12 13]
 [31 11 12]
 [28 13 14]
 [13 57 14]
 [27 14 15]
 [13 28 29]
 [58 15 14]
 [30 13 29]
 [81 32 80]
 [11 31 32]
 [80 32 31]
 [81 33 32]
 [31 79 80]
 [78 79 31]
 [30 78 31]
 [12 30 31]
 [30 29 77]
 [55 56 12]
 [15 26 27]
 [27 28 14]
 [26 25 73]
 [74 27 26]
 [25 72 73]
 [25 24 72]
 [16 25 26]
 [74 26 73]
 [30 77 78]
 [29 28 76]
 [29 76 77]
 [28 75 76]
 [28 27 75]
 [27 74 75]
 [16 26 15]
 [71 72 24]]
added this many indicies to composite 94
trying to access 6
trying to access 49
trying to access 50
trying to access 7
trying to access 51
trying to access 8
trying to access 8
trying to access 51
trying to access 52
trying to access 51
trying to access 7
trying to access 50
trying to access 6
trying to access 50
trying to access 7
trying to access 47
trying to access 48
trying to access 3
trying to access 3
trying to access 48
trying to access 4
trying to access 47
trying to access 3
trying to access 2
trying to access 48
trying to access 5
trying to access 4
trying to access 48
trying to access 49
trying to access 5
trying to access 5
trying to access 6
trying to access 36
trying to access 37
trying to access 3
trying to access 4
trying to access 49
trying to access 6
trying to access 5
trying to access 36
trying to access 4
trying to access 5
trying to access 35
trying to access 6
trying to access 7
trying to access 9
trying to access 53
trying to access 10
trying to access 10
trying to access 53
trying to access 54
trying to access 9
trying to access 8
trying to access 52
trying to access 54
trying to access 11
trying to access 10
trying to access 11
trying to access 54
trying to access 55
trying to access 11
trying to access 55
trying to access 12
trying to access 33
trying to access 10
trying to access 32
trying to access 9
trying to access 10
trying to access 33
trying to access 6
trying to access 35
trying to access 36
trying to access 7
trying to access 8
trying to access 34
trying to access 7
trying to access 34
trying to access 35
trying to access 83
trying to access 36
trying to access 35
trying to access 82
trying to access 34
trying to access 81
trying to access 33
trying to access 34
trying to access 8
trying to access 81
trying to access 34
trying to access 33
trying to access 34
trying to access 82
trying to access 35
trying to access 8
trying to access 9
trying to access 33
trying to access 83
trying to access 35
trying to access 82
trying to access 10
trying to access 11
trying to access 32
trying to access 9
trying to access 52
trying to access 53
trying to access 37
trying to access 4
trying to access 36
trying to access 0
trying to access 44
trying to access 45
trying to access 1
trying to access 45
trying to access 46
trying to access 0
trying to access 40
trying to access 43
trying to access 1
trying to access 0
trying to access 45
trying to access 2
trying to access 1
trying to access 46
trying to access 1
trying to access 39
trying to access 0
trying to access 47
trying to access 2
trying to access 46
trying to access 44
trying to access 0
trying to access 93
trying to access 92
trying to access 42
trying to access 91
trying to access 43
trying to access 92
trying to access 93
trying to access 42
trying to access 90
trying to access 91
trying to access 40
trying to access 42
trying to access 43
trying to access 41
trying to access 90
trying to access 42
trying to access 42
trying to access 92
trying to access 43
trying to access 93
trying to access 0
trying to access 43
trying to access 39
trying to access 1
trying to access 2
trying to access 38
trying to access 86
trying to access 39
trying to access 40
trying to access 0
trying to access 39
trying to access 39
trying to access 2
trying to access 38
trying to access 85
trying to access 38
trying to access 37
trying to access 84
trying to access 85
trying to access 37
trying to access 84
trying to access 37
trying to access 36
trying to access 3
trying to access 37
trying to access 38
trying to access 86
trying to access 38
trying to access 85
trying to access 89
trying to access 41
trying to access 88
trying to access 41
trying to access 42
trying to access 40
trying to access 88
trying to access 41
trying to access 40
trying to access 41
trying to access 89
trying to access 90
trying to access 40
trying to access 87
trying to access 88
trying to access 87
trying to access 40
trying to access 86
trying to access 40
trying to access 39
trying to access 86
trying to access 2
trying to access 3
trying to access 38
trying to access 84
trying to access 36
trying to access 83
trying to access 61
trying to access 62
trying to access 18
trying to access 62
trying to access 19
trying to access 18
trying to access 19
trying to access 62
trying to access 63
trying to access 19
trying to access 63
trying to access 64
trying to access 17
trying to access 18
trying to access 24
trying to access 61
trying to access 18
trying to access 17
trying to access 15
trying to access 58
trying to access 59
trying to access 14
trying to access 57
trying to access 58
trying to access 60
trying to access 17
trying to access 16
trying to access 17
trying to access 60
trying to access 61
trying to access 17
trying to access 25
trying to access 16
trying to access 60
trying to access 16
trying to access 59
trying to access 59
trying to access 16
trying to access 15
trying to access 24
trying to access 18
trying to access 19
trying to access 64
trying to access 65
trying to access 20
trying to access 20
trying to access 65
trying to access 66
trying to access 19
trying to access 20
trying to access 21
trying to access 21
trying to access 66
trying to access 67
trying to access 66
trying to access 21
trying to access 20
trying to access 21
trying to access 67
trying to access 68
trying to access 22
trying to access 19
trying to access 21
trying to access 23
trying to access 24
trying to access 19
trying to access 19
trying to access 22
trying to access 23
trying to access 23
trying to access 22
trying to access 69
trying to access 71
trying to access 24
trying to access 23
trying to access 23
trying to access 69
trying to access 70
trying to access 69
trying to access 22
trying to access 68
trying to access 22
trying to access 21
trying to access 68
trying to access 71
trying to access 23
trying to access 70
trying to access 20
trying to access 19
trying to access 64
trying to access 24
trying to access 25
trying to access 17
trying to access 56
trying to access 13
trying to access 12
trying to access 56
trying to access 57
trying to access 13
trying to access 30
trying to access 12
trying to access 13
trying to access 31
trying to access 11
trying to access 12
trying to access 28
trying to access 13
trying to access 14
trying to access 13
trying to access 57
trying to access 14
trying to access 27
trying to access 14
trying to access 15
trying to access 13
trying to access 28
trying to access 29
trying to access 58
trying to access 15
trying to access 14
trying to access 30
trying to access 13
trying to access 29
trying to access 81
trying to access 32
trying to access 80
trying to access 11
trying to access 31
trying to access 32
trying to access 80
trying to access 32
trying to access 31
trying to access 81
trying to access 33
trying to access 32
trying to access 31
trying to access 79
trying to access 80
trying to access 78
trying to access 79
trying to access 31
trying to access 30
trying to access 78
trying to access 31
trying to access 12
trying to access 30
trying to access 31
trying to access 30
trying to access 29
trying to access 77
trying to access 55
trying to access 56
trying to access 12
trying to access 15
trying to access 26
trying to access 27
trying to access 27
trying to access 28
trying to access 14
trying to access 26
trying to access 25
trying to access 73
trying to access 74
trying to access 27
trying to access 26
trying to access 25
trying to access 72
trying to access 73
trying to access 25
trying to access 24
trying to access 72
trying to access 16
trying to access 25
trying to access 26
trying to access 74
trying to access 26
trying to access 73
trying to access 30
trying to access 77
trying to access 78
trying to access 29
trying to access 28
trying to access 76
trying to access 29
trying to access 76
trying to access 77
trying to access 28
trying to access 75
trying to access 76
trying to access 28
trying to access 27
trying to access 75
trying to access 27
trying to access 74
trying to access 75
trying to access 16
trying to access 26
trying to access 15
trying to access 71
trying to access 72
trying to access 24
counter 0
counter 1
counter 2
point_in_grid True
point_in_grid True
point_in_grid True
counter 3
point_in_grid True
point_in_grid True
point_in_grid True
counter 4
point_in_grid True
point_in_grid True
point_in_grid True
counter 5
point_in_grid True
point_in_grid True
point_in_grid True
counter 6
point_in_grid True
point_in_grid True
point_in_grid True
counter 7
point_in_grid True
point_in_grid True
point_in_grid True
counter 8
point_in_grid True
point_in_grid False
point_in_grid False
counter 9
point_in_grid True
point_in_grid True
point_in_grid True
counter 10
counter 11
counter 12
point_in_grid False
point_in_grid True
point_in_grid True
counter 13
point_in_grid True
point_in_grid False
point_in_grid True
counter 14
counter 15
counter 16
point_in_grid False
point_in_grid True
point_in_grid True
counter 17
point_in_grid True
point_in_grid True
point_in_grid False
counter 18
point_in_grid True
point_in_grid True
point_in_grid False
counter 19
point_in_grid False
point_in_grid True
point_in_grid False
counter 20
point_in_grid True
point_in_grid True
point_in_grid False
counter 21
counter 22
counter 23
counter 24
counter 25
counter 26
counter 27
counter 28
counter 29
counter 30
counter 31
counter 32
counter 33
counter 34
counter 35
counter 36
counter 37
counter 38
counter 39
counter 40
counter 41
counter 42
counter 43
counter 44
counter 45
counter 46
counter 47
counter 48
counter 49
counter 50
counter 51
counter 52
counter 53
counter 54
counter 55
counter 56
counter 57
counter 58
counter 59
counter 60
counter 61
counter 62
counter 63
point_in_grid True
point_in_grid True
point_in_grid True
counter 64
counter 65
counter 66
counter 67
counter 68
counter 69
counter 70
counter 71
counter 72
counter 73
counter 74
counter 75
counter 76
counter 77
counter 78
counter 79
counter 80
counter 81
counter 82
point_in_grid False
point_in_grid False
point_in_grid True
counter 83
point_in_grid True
point_in_grid True
point_in_grid True
counter 84
point_in_grid True
point_in_grid True
point_in_grid True
counter 85
point_in_grid True
point_in_grid True
point_in_grid False
counter 86
point_in_grid True
point_in_grid True
point_in_grid True
counter 87
point_in_grid True
point_in_grid True
point_in_grid True
counter 88
point_in_grid True
point_in_grid True
point_in_grid True
counter 89
point_in_grid True
point_in_grid True
point_in_grid True
counter 90
point_in_grid True
point_in_grid True
point_in_grid True
counter 91
point_in_grid True
point_in_grid True
point_in_grid True
counter 92
point_in_grid True
point_in_grid True
point_in_grid True
counter 93
point_in_grid True
point_in_grid True
point_in_grid True
counter 94
point_in_grid True
point_in_grid True
point_in_grid True
counter 95
point_in_grid True
point_in_grid True
point_in_grid True
counter 96
point_in_grid True
point_in_grid True
point_in_grid True
counter 97
point_in_grid True
point_in_grid True
point_in_grid True
counter 98
point_in_grid True
point_in_grid True
point_in_grid True
counter 99
point_in_grid True
point_in_grid True
point_in_grid True
counter 100
point_in_grid True
point_in_grid True
point_in_grid True
counter 101
point_in_grid True
point_in_grid True
point_in_grid True
counter 102
point_in_grid True
point_in_grid True
point_in_grid True
counter 103
point_in_grid True
point_in_grid True
point_in_grid True
counter 104
point_in_grid True
point_in_grid True
point_in_grid True
counter 105
point_in_grid True
point_in_grid True
point_in_grid True
counter 106
point_in_grid True
point_in_grid False
point_in_grid True
counter 107
point_in_grid True
point_in_grid False
point_in_grid True
counter 108
point_in_grid True
point_in_grid True
point_in_grid False
counter 109
point_in_grid True
point_in_grid False
point_in_grid True
counter 110
point_in_grid True
point_in_grid True
point_in_grid True
counter 111
point_in_grid True
point_in_grid True
point_in_grid True
counter 112
point_in_grid True
point_in_grid True
point_in_grid True
counter 113
point_in_grid True
point_in_grid True
point_in_grid True
counter 114
point_in_grid True
point_in_grid True
point_in_grid True
counter 115
point_in_grid False
point_in_grid True
point_in_grid True
counter 116
point_in_grid True
point_in_grid True
point_in_grid False
counter 117
point_in_grid True
point_in_grid False
point_in_grid True
counter 118
point_in_grid False
point_in_grid True
point_in_grid True
counter 119
point_in_grid True
point_in_grid True
point_in_grid True
counter 120
point_in_grid True
point_in_grid True
point_in_grid True
counter 121
point_in_grid True
point_in_grid True
point_in_grid True
counter 122
point_in_grid True
point_in_grid True
point_in_grid True
counter 123
point_in_grid True
point_in_grid True
point_in_grid True
counter 124
point_in_grid True
point_in_grid True
point_in_grid True
counter 125
point_in_grid True
point_in_grid True
point_in_grid True
counter 126
point_in_grid True
point_in_grid True
point_in_grid True
counter 127
point_in_grid True
point_in_grid True
point_in_grid True
counter 128
point_in_grid True
point_in_grid True
point_in_grid True
counter 129
point_in_grid True
point_in_grid True
point_in_grid True
counter 130
point_in_grid True
point_in_grid True
point_in_grid True
counter 131
point_in_grid True
point_in_grid True
point_in_grid True
counter 132
point_in_grid True
point_in_grid True
point_in_grid True
counter 133
point_in_grid True
point_in_grid True
point_in_grid False
counter 134
point_in_grid False
point_in_grid True
point_in_grid True
counter 135
counter 136
point_in_grid False
point_in_grid False
point_in_grid True
counter 137
point_in_grid True
point_in_grid True
point_in_grid True
counter 138
point_in_grid True
point_in_grid True
point_in_grid True
counter 139
point_in_grid True
point_in_grid True
point_in_grid True
counter 140
point_in_grid True
point_in_grid True
point_in_grid True
counter 141
point_in_grid True
point_in_grid True
point_in_grid True
counter 142
point_in_grid True
point_in_grid True
point_in_grid True
counter 143
point_in_grid False
point_in_grid True
point_in_grid True
counter 144
point_in_grid True
point_in_grid True
point_in_grid True
counter 145
point_in_grid True
point_in_grid True
point_in_grid True
counter 146
point_in_grid True
point_in_grid True
point_in_grid True
counter 147
point_in_grid True
point_in_grid True
point_in_grid True
counter 148
point_in_grid True
point_in_grid False
point_in_grid False
counter 149
point_in_grid True
point_in_grid True
point_in_grid False
counter 150
point_in_grid True
point_in_grid True
point_in_grid False
counter 151
point_in_grid True
point_in_grid False
point_in_grid True
length of old_triangles 61
using: 56 out of 170
maybe made bad topology!
maybe made bad topology!
maybe made bad topology!
maybe made bad topology!
maybe made bad topology!
maybe made bad topology!
maybe made bad topology!
maybe made bad topology!
maybe made bad topology!
maybe made bad topology!
maybe made bad topology!
maybe made bad topology!
maybe made bad topology!
maybe made bad topology!
maybe made bad topology!
maybe made bad topology!
maybe made bad topology!
maybe made bad topology!
maybe made bad topology!
maybe made bad topology!
maybe made bad topology!
maybe made bad topology!
maybe made bad topology!
maybe made bad topology!
maybe made bad topology!
maybe made bad topology!
maybe made bad topology!
maybe made bad topology!
maybe made bad topology!
maybe made bad topology!
maybe made bad topology!
maybe made bad topology!
extra_segments (27, 66) (41, 0) (36, 4) (3, 75) (50, 16) (6, 41) (14, 25) (61, 2) (1, 52)
redo_segments [(2, 17), (48, 26), (34, 52), (13, 38), (49, 28), (9, 22), (8, 2), (7, 20), (36, 51), (42, 19), (38, 13), (30, 44), (0, 38), (0, 47), (16, 12), (32, 3), (40, 20), (53, 41), (14, 5), (23, 50), (33, 6), (21, 37), (16, 31), (15, 17), (48, 9), (44, 51), (13, 47), (1, 6), (18, 45), (35, 29), (27, 54), (46, 42), (11, 32), (47, 13), (47, 0), (22, 53), (52, 55), (37, 7), (50, 33), (26, 40), (41, 45), (38, 0), (4, 34), (5, 15), (25, 31), (29, 3), (35, 1), (30, 8), (43, 18), (39, 54), (4, 23), (25, 27), (39, 24), (19, 24), (36, 43), (12, 10), (28, 11), [56, 57], [57, 58], [58, 59], [59, 60], [60, 61], [61, 62], [62, 63], [63, 64], [64, 65], [65, 66], [66, 67], [67, 68], [68, 69], [69, 70], [70, 71], [71, 72], [72, 73], [73, 74], [74, 75], [75, 76], [76, 77], [77, 78], [78, 79], [79, 80], [80, 81], [81, 82], [82, 83], [83, 84], [84, 85], [85, 86], [86, 87], [87, 88], [88, 89], [89, 90], [90, 91], [91, 92], [92, 93], [93, 94], [94, 95], [95, 96], [96, 97], [97, 98], [98, 99], [99, 56], [100, 101], [101, 102], [102, 103], [103, 104], [104, 105], [105, 106], [106, 107], [107, 108], [108, 109], [109, 110], [110, 111], [111, 112], [112, 113], [113, 114], [114, 115], [115, 116], [116, 117], [117, 118], [118, 119], [119, 120], [120, 121], [121, 122], [122, 123], [123, 124], [124, 125], [125, 126], [126, 127], [127, 128], [128, 129], [129, 130], [130, 131], [131, 132], [132, 133], [133, 134], [134, 135], [135, 136], [136, 137], [137, 138], [138, 139], [139, 140], [140, 141], [141, 142], [142, 143], [143, 144], [144, 145], [145, 146], [146, 147], [147, 148], [148, 149], [149, 100], [15, 29], [46, 38], [55, 18], [13, 52], [16, 21], [41, 46], [7, 14], [49, 47], [0, 10]]
before triangulation
after triangulation
delauny_length 186 composite 170
out of: 146 using 0
tri: 366
quad: 1500
0.503988
here key down

*** PROFILER RESULTS ***
clear_stroke (/Users/mdbenjam/Documents/College/Thesis/painter/src/TrianglePainter/brush.py:424)
function called 2 times

         633248 function calls (632890 primitive calls) in 5.259 seconds

   Ordered by: cumulative time, internal time, call count
   List reduced from 213 to 40 due to restriction <40>

   ncalls  tottime  percall  cumtime  percall filename:lineno(function)
        2    1.345    0.673    5.259    2.630 brush.py:424(clear_stroke)
        2    2.005    1.002    2.005    1.002 {raw_input}
3382/3378    0.004    0.000    0.418    0.000 numeric.py:1345(array_str)
3382/3378    0.015    0.000    0.414    0.000 arrayprint.py:246(array2string)
     2044    0.021    0.000    0.397    0.000 arrayprint.py:175(_array2string)
        4    0.064    0.016    0.377    0.094 brush.py:478(prune_points)
        4    0.126    0.031    0.303    0.076 brush.py:484(iterate_pruning)
    28653    0.216    0.000    0.216    0.000 {numpy.core.multiarray.array}
     2042    0.007    0.000    0.213    0.000 arrayprint.py:388(__init__)
     2042    0.136    0.000    0.206    0.000 arrayprint.py:397(fillFormat)
        2    0.001    0.001    0.178    0.089 brush.py:1291(determine_final_colors)
2282/2044    0.020    0.000    0.151    0.000 arrayprint.py:320(_formatArray)
        2    0.060    0.030    0.144    0.072 geometry.py:559(draw_grid)
        4    0.000    0.000    0.126    0.031 marchingsquares.py:54(isocontour)
     2039    0.008    0.000    0.117    0.000 geometry.py:683(get_current_color)
     4084    0.060    0.000    0.107    0.000 arrayprint.py:449(__call__)
        2    0.000    0.000    0.107    0.053 brush.py:446(draw_and_read)
        2    0.036    0.018    0.104    0.052 brush.py:1358(setup_vbo)
     6274    0.059    0.000    0.094    0.000 linalg.py:1840(norm)
        2    0.057    0.029    0.093    0.046 brush.py:1651(save_action)
2379/2271    0.016    0.000    0.090    0.000 geometry.py:648(angle_between)
      186    0.012    0.000    0.090    0.000 geometry.py:38(get_color_at_point)
        2    0.012    0.006    0.089    0.045 geometry.py:332(get_unmodified_triangles)
      272    0.004    0.000    0.089    0.000 geometry.py:137(point_in_triangle_acc)
     2039    0.004    0.000    0.087    0.000 geometry.py:655(get_color)
      843    0.004    0.000    0.079    0.000 geometry.py:732(pointInTriangle)
     1978    0.062    0.000    0.075    0.000 geometry.py:734(sameSide)
     5896    0.040    0.000    0.074    0.000 numeric.py:1128(cross)
      462    0.031    0.000    0.071    0.000 geometry.py:252(has_grid_line_intersection)
        4    0.003    0.001    0.071    0.018 brush.py:1595(save)
    12252    0.029    0.000    0.068    0.000 numeric.py:2036(seterr)
      512    0.002    0.000    0.067    0.000 geometry.py:17(get_colors)
        4    0.066    0.016    0.066    0.016 {marchingsquares_.marching_squares}
        2    0.051    0.025    0.065    0.033 brush.py:148(draw_stroke)
     2322    0.052    0.000    0.061    0.000 geometry.py:690(save)
        4    0.031    0.008    0.060    0.015 brush.py:602(convert_pointset_to_contour)
        4    0.000    0.000    0.060    0.015 numeric.py:289(ascontiguousarray)
    60384    0.041    0.000    0.056    0.000 error.py:182(glCheckError)
      660    0.001    0.000    0.052    0.000 geometry.py:71(save)
    10624    0.009    0.000    0.051    0.000 latebind.py:59(__call__)


