107
86.5,79.0:2
1.0,0.5,0.5,1,3.1343985331,-1.60574712333
1,1,1,0,-1.60574712333,3.1343985331
84.0,7.5:2
1.0,0.5,0.5,1,1.53584553026,-2.55359005004
1,1,1,0,-2.55359005004,1.53584553026
81.0,5.5:2
1.0,0.5,0.5,1,0.588002603548,-2.55359005004
1,1,1,0,-2.55359005004,0.588002603548
78.0,3.5:2
1.0,0.5,0.5,1,0.588002603548,-2.55359005004
1,1,1,0,-2.55359005004,0.588002603548
75.0,1.5:2
1.0,0.5,0.5,1,0.588002603548,-2.56728782342
1,1,1,0,-2.56728782342,0.588002603548
66.5,-4.0:2
1.0,0.5,0.5,1,0.574304830175,-2.61351820516
1,1,1,0,-2.61351820516,0.574304830175
54.5,-11.0:2
1.0,0.5,0.5,1,0.528074448426,-2.61351820516
1,1,1,0,-2.61351820516,0.528074448426
42.5,-18.0:2
1.0,0.5,0.5,1,0.528074448426,-2.64765128467
1,1,1,0,-2.64765128467,0.528074448426
36.0,-21.5:2
1.0,0.5,0.5,1,0.49394136892,-2.56728782342
1,1,1,0,-2.56728782342,0.49394136892
27.5,-27.0:2
0.5,0.25,0.75,1,0.574304830175,-2.64765128467
0.5,0.5,1.0,1,-2.64765128467,0.574304830175
21.0,-30.5:2
0.5,0.25,0.75,1,0.49394136892,-2.56728782342
0.5,0.5,1.0,1,-2.56728782342,0.49394136892
12.5,-36.0:2
0.5,0.25,0.75,1,0.574304830175,-2.64765128467
0.5,0.5,1.0,1,-2.64765128467,0.574304830175
6.0,-39.5:2
0.5,0.25,0.75,1,0.49394136892,-2.57486343607
0.5,0.5,1.0,1,-2.57486343607,0.49394136892
0.5,-43.0:2
0.5,0.25,0.75,1,0.566729217524,-2.6344941492
0.5,0.5,1.0,1,-2.6344941492,0.566729217524
-8.5,-48.0:2
0.5,0.25,0.75,1,0.507098504392,-2.6399885994
0.5,0.5,1.0,1,-2.6399885994,0.507098504392
-24.0,-56.5:2
0.5,0.25,0.75,1,0.501604054189,-2.57486343607
0.5,0.5,1.0,1,-2.57486343607,0.501604054189
-29.5,-60.0:2
0.5,0.25,0.75,1,0.566729217524,-2.64765128467
0.5,0.5,1.0,1,-2.64765128467,0.566729217524
-36.0,-63.5:2
0.5,0.25,0.75,1,0.49394136892,-2.61351820516
0.5,0.5,1.0,1,-2.61351820516,0.49394136892
-48.0,-70.5:2
0.5,0.25,0.75,1,0.528074448426,-2.56728782342
0.5,0.5,1.0,1,-2.56728782342,0.528074448426
-56.5,-76.0:2
0.5,0.25,0.75,1,0.574304830175,-2.68825395774
0.5,0.5,1.0,1,-2.68825395774,0.574304830175
-76.0,-85.5:2
1.0,0.5,0.5,1,0.453338695855,-2.62920319328
1,1,1,0,-2.62920319328,0.453338695855
-92.0,-94.5:2
1.0,0.5,0.5,1,0.512389460311,-2.4980915448
1,1,1,0,-2.4980915448,0.512389460311
-100.0,-100.5:2
1.0,0.5,0.5,1,0.643501108793,-2.67794504459
1,1,1,0,-2.67794504459,0.643501108793
-106.0,-103.5:2
1.0,0.5,0.5,1,0.463647609001,-2.7367008673
1,1,1,0,-2.7367008673,0.463647609001
-113.0,-106.5:2
1.0,0.5,0.5,1,0.404891786285,-2.60117315332
1,1,1,0,-2.60117315332,0.404891786285
-115.5,-108.0:2
1.0,0.5,0.5,1,0.540419500271,-2.57486343607
1,1,1,0,-2.57486343607,0.540419500271
-121.0,-111.5:2
1.0,0.5,0.5,1,0.566729217524,3.12090594981
1,1,1,0,3.12090594981,0.566729217524
-193.5,-110.0:2
1.0,0.5,0.5,1,-0.0206867037798,1.54890201567
1,1,1,0,1.54890201567,-0.0206867037798
-192.0,-41.5:2
1.0,0.5,0.5,1,-1.59269063792,0.588002603548
1,1,1,0,0.588002603548,-1.59269063792
-189.0,-39.5:2
1.0,0.5,0.5,1,-2.55359005004,0.507098504392
1,1,1,0,0.507098504392,-2.55359005004
-180.0,-34.5:2
1.0,0.5,0.5,1,-2.6344941492,0.512389460311
1,1,1,0,0.512389460311,-2.6344941492
-164.0,-25.5:2
0.5,0.25,0.75,1,-2.62920319328,0.643501108793
0.5,0.5,1.0,1,0.643501108793,-2.62920319328
-156.0,-19.5:2
0.5,0.25,0.75,1,-2.4980915448,0.463647609001
0.5,0.5,1.0,1,0.463647609001,-2.4980915448
-140.0,-11.5:2
0.5,0.25,0.75,1,-2.67794504459,0.479519291993
0.5,0.5,1.0,1,0.479519291993,-2.67794504459
-127.5,-5.0:2
0.5,0.25,0.75,1,-2.6620733616,0.49394136892
0.5,0.5,1.0,1,0.49394136892,-2.6620733616
-121.0,-1.5:2
0.5,0.25,0.75,1,-2.64765128467,0.528074448426
0.5,0.5,1.0,1,0.528074448426,-2.64765128467
-109.0,5.5:2
0.5,0.25,0.75,1,-2.61351820516,0.574304830175
0.5,0.5,1.0,1,0.574304830175,-2.61351820516
-100.5,11.0:2
0.5,0.25,0.75,1,-2.56728782342,0.501604054189
0.5,0.5,1.0,1,0.501604054189,-2.56728782342
-85.0,19.5:2
0.5,0.25,0.75,1,-2.6399885994,0.507098504392
0.5,0.5,1.0,1,0.507098504392,-2.6399885994
-76.0,24.5:2
1.0,0.5,0.5,1,-2.6344941492,0.566729217524
1,1,1,0,0.566729217524,-2.6344941492
-70.5,28.0:2
1.0,0.5,0.5,1,-2.57486343607,0.501604054189
1,1,1,0,0.501604054189,-2.57486343607
-55.0,36.5:2
1.0,0.5,0.5,1,-2.6399885994,0.574304830175
1,1,1,0,0.574304830175,-2.6399885994
-46.5,42.0:2
1.0,0.5,0.5,1,-2.56728782342,0.49394136892
1,1,1,0,0.49394136892,-2.56728782342
-40.0,45.5:2
1.0,0.5,0.5,1,-2.64765128467,0.574304830175
1,1,1,0,0.574304830175,-2.64765128467
-31.5,51.0:2
1.0,0.5,0.5,1,-2.56728782342,0.49394136892
1,1,1,0,0.49394136892,-2.56728782342
-25.0,54.5:2
1.0,0.5,0.5,1,-2.64765128467,0.574304830175
1,1,1,0,0.574304830175,-2.64765128467
-16.5,60.0:2
1.0,0.5,0.5,1,-2.56728782342,0.49394136892
1,1,1,0,0.49394136892,-2.56728782342
-10.0,63.5:2
1.0,0.5,0.5,1,-2.64765128467,0.566729217524
1,1,1,0,0.566729217524,-2.64765128467
-4.5,67.0:2
1.0,0.5,0.5,1,-2.57486343607,0.49394136892
1,1,1,0,0.49394136892,-2.57486343607
2.0,70.5:2
1.0,0.5,0.5,1,-2.64765128467,0.540419500271
1,1,1,0,0.540419500271,-2.64765128467
17.0,79.5:2
1.0,0.5,0.5,1,-2.60117315332,-0.00719412049029
1,1,1,0,-0.00719412049029,-2.60117315332
-237.5,119.0:2
0.5,0.5,1.0,1,3.13407399828,-0.566729217524
1,1,1,0,-0.566729217524,3.13407399828
-232.0,115.5:2
0.5,0.5,1.0,1,2.57486343607,-0.628796286415
1,1,1,0,-0.628796286415,2.57486343607
-221.0,107.5:2
0.5,0.5,1.0,1,2.51279636717,-0.643501108793
1,1,1,0,-0.643501108793,2.51279636717
-213.0,101.5:2
0.5,0.5,1.0,1,2.4980915448,-0.588002603548
1,1,1,0,-0.588002603548,2.4980915448
-210.0,99.5:2
0.5,0.5,1.0,1,2.55359005004,-0.588002603548
1,1,1,0,-0.588002603548,2.55359005004
-207.0,97.5:2
0.5,0.5,1.0,1,2.55359005004,-0.588002603548
1,1,1,0,-0.588002603548,2.55359005004
-177.0,77.5:2
0.5,0.5,1.0,1,2.55359005004,-0.588002603548
1,1,1,0,-0.588002603548,2.55359005004
-174.0,75.5:2
0.5,0.5,1.0,1,2.55359005004,-0.577901936962
1,1,1,0,-0.577901936962,2.55359005004
-162.5,68.0:2
0.5,0.5,1.0,1,2.56369071663,-0.49394136892
1,1,1,0,-0.49394136892,2.56369071663
-156.0,64.5:2
0.5,0.5,1.0,1,2.64765128467,-0.588002603548
1,1,1,0,-0.588002603548,2.64765128467
-153.0,62.5:2
0.5,0.5,1.0,1,2.55359005004,-0.577901936962
1,1,1,0,-0.577901936962,2.55359005004
-141.5,55.0:2
0.5,0.5,1.0,1,2.56369071663,-0.49394136892
1,1,1,0,-0.49394136892,2.56369071663
-135.0,51.5:2
0.5,0.5,1.0,1,2.64765128467,-0.463647609001
1,1,1,0,-0.463647609001,2.64765128467
-75.0,21.5:2
0.5,0.25,0.75,1,2.67794504459,-0.418224329579
1.0,0.5,0.5,1.0,-0.418224329579,2.67794504459
-48.0,9.5:2
0.5,0.25,0.75,1,2.72336832401,-0.463647609001
1.0,0.5,0.5,1.0,-0.463647609001,2.72336832401
-32.0,1.5:2
0.5,0.25,0.75,1,2.67794504459,-0.432407775571
1.0,0.5,0.5,1.0,-0.432407775571,2.67794504459
-19.0,-4.5:2
0.5,0.25,0.75,1,2.70918487802,-0.432407775571
1.0,0.5,0.5,1.0,-0.432407775571,2.70918487802
-6.0,-10.5:2
0.5,0.25,0.75,1,2.70918487802,-0.380506377112
1.0,0.5,0.5,1.0,-0.380506377112,2.70918487802
4.0,-14.5:2
0.5,0.25,0.75,1,2.76108627648,-0.446105548943
1.0,0.5,0.5,1.0,-0.446105548943,2.76108627648
27.0,-25.5:2
0.5,0.25,0.75,1,2.69548710465,-0.380506377112
1.0,0.5,0.5,1.0,-0.380506377112,2.69548710465
37.0,-29.5:2
0.5,0.5,1.0,1,2.76108627648,-0.422853926133
1,1,1,0,-0.422853926133,2.76108627648
57.0,-38.5:2
0.5,0.5,1.0,1,2.71873872746,-0.444781922979
1,1,1,0,-0.444781922979,2.71873872746
110.5,-64.0:2
0.5,0.5,1.0,1,2.69681073061,-0.367173833818
1,1,1,0,-0.367173833818,2.69681073061
117.0,-66.5:2
0.5,0.5,1.0,1,2.77441881977,-0.463647609001
1,1,1,0,-0.463647609001,2.77441881977
123.0,-69.5:2
0.5,0.5,1.0,1,2.67794504459,-1.57079632679
1,1,1,0,-1.57079632679,2.67794504459
123.0,-139.5:2
0.5,0.5,1.0,1,1.57079632679,3.14159265359
1,1,1,0,3.14159265359,1.57079632679
121.0,-139.5:2
0.5,0.5,1.0,1,0.0,3.14159265359
1,1,1,0,3.14159265359,0.0
119.0,-139.5:2
0.5,0.5,1.0,1,0.0,3.05745441306
1,1,1,0,3.05745441306,0.0
36.0,-132.5:2
0.5,0.5,1.0,1,-0.0841382405312,2.6344941492
1,1,1,0,2.6344941492,-0.0841382405312
27.0,-127.5:2
0.5,0.5,1.0,1,-0.507098504392,2.7251540364
1,1,1,0,2.7251540364,-0.507098504392
-25.0,-104.5:2
0.5,0.5,1.0,1,-0.416438617192,2.76108627648
1,1,1,0,2.76108627648,-0.416438617192
-35.0,-100.5:2
0.5,0.5,1.0,1,-0.380506377112,2.69548710465
1,1,1,0,2.69548710465,-0.380506377112
-58.0,-89.5:2
0.5,0.5,1.0,1,-0.446105548943,2.76108627648
1,1,1,0,2.76108627648,-0.446105548943
-68.0,-85.5:2
0.5,0.5,1.0,1,-0.380506377112,2.69548710465
1,1,1,0,2.69548710465,-0.380506377112
-91.0,-74.5:2
0.5,0.25,0.75,1,-0.446105548943,2.72336832401
1.0,0.5,0.5,1.0,2.72336832401,-0.446105548943
-118.0,-62.5:2
0.5,0.25,0.75,1,-0.418224329579,2.67794504459
1.0,0.5,0.5,1.0,2.67794504459,-0.418224329579
-134.0,-54.5:2
0.5,0.25,0.75,1,-0.463647609001,2.70918487802
1.0,0.5,0.5,1.0,2.70918487802,-0.463647609001
-147.0,-48.5:2
0.5,0.25,0.75,1,-0.432407775571,2.67475016728
1.0,0.5,0.5,1.0,2.67475016728,-0.432407775571
-209.5,-17.0:2
0.5,0.5,1.0,1,-0.466842486309,2.64765128467
1,1,1,0,2.64765128467,-0.466842486309
-216.0,-13.5:2
0.5,0.5,1.0,1,-0.49394136892,2.55359005004
1,1,1,0,2.55359005004,-0.49394136892
-219.0,-11.5:2
0.5,0.5,1.0,1,-0.588002603548,2.56369071663
1,1,1,0,2.56369071663,-0.588002603548
-230.5,-4.0:2
0.5,0.5,1.0,1,-0.577901936962,2.64765128467
1,1,1,0,2.64765128467,-0.577901936962
-237.0,-0.5:2
0.5,0.5,1.0,1,-0.49394136892,2.55359005004
1,1,1,0,2.55359005004,-0.49394136892
-240.0,1.5:2
0.5,0.5,1.0,1,-0.588002603548,2.56369071663
1,1,1,0,2.56369071663,-0.588002603548
-251.5,9.0:2
0.5,0.5,1.0,1,-0.577901936962,2.64765128467
1,1,1,0,2.64765128467,-0.577901936962
-258.0,12.5:2
0.5,0.5,1.0,1,-0.49394136892,2.55359005004
1,1,1,0,2.55359005004,-0.49394136892
-261.0,14.5:2
0.5,0.5,1.0,1,-0.588002603548,2.53604798998
1,1,1,0,2.53604798998,-0.588002603548
-287.0,32.5:2
0.5,0.5,1.0,1,-0.605544663605,2.4980915448
1,1,1,0,2.4980915448,-0.605544663605
-295.0,38.5:2
0.5,0.5,1.0,1,-0.643501108793,2.4980915448
1,1,1,0,2.4980915448,-0.643501108793
-303.0,44.5:2
0.5,0.5,1.0,1,-0.643501108793,2.35619449019
1,1,1,0,2.35619449019,-0.643501108793
-308.5,50.0:2
0.5,0.5,1.0,1,-0.785398163397,1.57079632679
1,1,1,0,1.57079632679,-0.785398163397
-308.5,52.0:2
0.5,0.5,1.0,1,-1.57079632679,1.57079632679
1,1,1,0,1.57079632679,-1.57079632679
-308.5,54.0:2
0.5,0.5,1.0,1,-1.57079632679,1.56316288728
1,1,1,0,1.56316288728,-1.57079632679
-308.0,119.5:2
0.5,0.5,1.0,1,-1.57842976631,0.0
1,1,1,0,0.0,-1.57842976631
-306.0,119.5:2
0.5,0.5,1.0,1,3.14159265359,0.0
1,1,1,0,0.0,3.14159265359
-304.0,119.5:2
0.5,0.5,1.0,1,3.14159265359,-0.0075186553123
1,1,1,0,-0.0075186553123,3.14159265359
107
0,1
1,2
2,3
3,4
4,5
5,6
6,7
7,8
8,9
9,10
10,11
11,12
12,13
13,14
14,15
15,16
16,17
17,18
18,19
19,20
20,21
21,22
22,23
23,24
24,25
25,26
26,27
27,28
28,29
29,30
30,31
31,32
32,33
33,34
34,35
35,36
36,37
37,38
38,39
39,40
40,41
41,42
42,43
43,44
44,45
45,46
46,47
47,48
48,49
49,50
50,0
51,52
52,53
53,54
54,55
55,56
56,57
57,58
58,59
59,60
60,61
61,62
62,63
63,64
64,65
65,66
66,67
67,68
68,69
69,70
70,71
71,72
72,73
73,74
74,75
75,76
76,77
77,78
78,79
79,80
80,81
81,82
82,83
83,84
84,85
85,86
86,87
87,88
88,89
89,90
90,91
91,92
92,93
93,94
94,95
95,96
96,97
97,98
98,99
99,100
100,101
101,102
102,103
103,104
104,105
105,106
106,51
139
-192.0,-41.5:2
1.0,0.5,0.5,1,-1.59269063792,0.588002603548
1,1,1,0,0.588002603548,-1.59269063792
-147.0,-48.5:2
0.5,0.25,0.75,1,-0.432407775571,2.67475016728
1.0,0.5,0.5,1.0,2.67475016728,-0.432407775571
-189.0,-39.5:2
1.0,0.5,0.5,1,-2.55359005004,0.507098504392
1,1,1,0,0.507098504392,-2.55359005004
-147.0,-48.5:2
0.5,0.25,0.75,1,-0.432407775571,2.67475016728
1.0,0.5,0.5,1.0,2.67475016728,-0.432407775571
-192.0,-41.5:2
1.0,0.5,0.5,1,-1.59269063792,0.588002603548
1,1,1,0,0.588002603548,-1.59269063792
-193.5,-110.0:2
1.0,0.5,0.5,1,-0.0206867037798,1.54890201567
1,1,1,0,1.54890201567,-0.0206867037798
-180.0,-34.5:2
1.0,0.5,0.5,1,-2.6344941492,0.512389460311
1,1,1,0,0.512389460311,-2.6344941492
-147.0,-48.5:2
0.5,0.25,0.75,1,-0.432407775571,2.67475016728
1.0,0.5,0.5,1.0,2.67475016728,-0.432407775571
-177.532114393,-33.111814346:6
1.0,0.5,0.5,1.0,-2.62920319328,-0.466842486309
1.0,0.5,0.5,1.0,-0.466842486309,-0.466842486309
0.5,0.25,0.75,1,-0.466842486309,0.512389460311
0.5,0.5,1.0,1,0.512389460311,0.512389460311
0.5,0.5,1.0,1,0.512389460311,2.67475016728
1,1,1,0,2.67475016728,-2.62920319328
-147.0,-48.5:2
0.5,0.25,0.75,1,-0.432407775571,2.67475016728
1.0,0.5,0.5,1.0,2.67475016728,-0.432407775571
-180.0,-34.5:2
1.0,0.5,0.5,1,-2.6344941492,0.512389460311
1,1,1,0,0.512389460311,-2.6344941492
-189.0,-39.5:2
1.0,0.5,0.5,1,-2.55359005004,0.507098504392
1,1,1,0,0.507098504392,-2.55359005004
-164.0,-25.5:2
0.5,0.25,0.75,1,-2.62920319328,0.643501108793
0.5,0.5,1.0,1,0.643501108793,-2.62920319328
-147.0,-48.5:2
0.5,0.25,0.75,1,-0.432407775571,2.67475016728
1.0,0.5,0.5,1.0,2.67475016728,-0.432407775571
-156.0,-19.5:2
0.5,0.25,0.75,1,-2.4980915448,0.463647609001
0.5,0.5,1.0,1,0.463647609001,-2.4980915448
-193.5,-110.0:2
1.0,0.5,0.5,1,-0.0206867037798,1.54890201567
1,1,1,0,1.54890201567,-0.0206867037798
-134.0,-54.5:2
0.5,0.25,0.75,1,-0.463647609001,2.70918487802
1.0,0.5,0.5,1.0,2.70918487802,-0.463647609001
-147.0,-48.5:2
0.5,0.25,0.75,1,-0.432407775571,2.67475016728
1.0,0.5,0.5,1.0,2.67475016728,-0.432407775571
-177.0,77.5:2
0.5,0.5,1.0,1,2.55359005004,-0.588002603548
1,1,1,0,-0.588002603548,2.55359005004
-240.0,1.5:2
0.5,0.5,1.0,1,-0.588002603548,2.56369071663
1,1,1,0,2.56369071663,-0.588002603548
-237.0,-0.5:2
0.5,0.5,1.0,1,-0.49394136892,2.55359005004
1,1,1,0,2.55359005004,-0.49394136892
-237.0,-0.5:2
0.5,0.5,1.0,1,-0.49394136892,2.55359005004
1,1,1,0,2.55359005004,-0.49394136892
-230.5,-4.0:2
0.5,0.5,1.0,1,-0.577901936962,2.64765128467
1,1,1,0,2.64765128467,-0.577901936962
-177.0,77.5:2
0.5,0.5,1.0,1,2.55359005004,-0.588002603548
1,1,1,0,-0.588002603548,2.55359005004
-162.5,68.0:2
0.5,0.5,1.0,1,2.56369071663,-0.49394136892
1,1,1,0,-0.49394136892,2.56369071663
-216.0,-13.5:2
0.5,0.5,1.0,1,-0.49394136892,2.55359005004
1,1,1,0,2.55359005004,-0.49394136892
-209.5,-17.0:2
0.5,0.5,1.0,1,-0.466842486309,2.64765128467
1,1,1,0,2.64765128467,-0.466842486309
-156.0,-19.5:2
0.5,0.25,0.75,1,-2.4980915448,0.463647609001
0.5,0.5,1.0,1,0.463647609001,-2.4980915448
-209.5,-17.0:2
0.5,0.5,1.0,1,-0.466842486309,2.64765128467
1,1,1,0,2.64765128467,-0.466842486309
-164.0,-25.5:2
0.5,0.25,0.75,1,-2.62920319328,0.643501108793
0.5,0.5,1.0,1,0.643501108793,-2.62920319328
-162.5,68.0:2
0.5,0.5,1.0,1,2.56369071663,-0.49394136892
1,1,1,0,-0.49394136892,2.56369071663
-219.0,-11.5:2
0.5,0.5,1.0,1,-0.588002603548,2.56369071663
1,1,1,0,2.56369071663,-0.588002603548
-216.0,-13.5:2
0.5,0.5,1.0,1,-0.49394136892,2.55359005004
1,1,1,0,2.55359005004,-0.49394136892
-230.5,-4.0:2
0.5,0.5,1.0,1,-0.577901936962,2.64765128467
1,1,1,0,2.64765128467,-0.577901936962
-219.0,-11.5:2
0.5,0.5,1.0,1,-0.588002603548,2.56369071663
1,1,1,0,2.56369071663,-0.588002603548
-174.0,75.5:2
0.5,0.5,1.0,1,2.55359005004,-0.577901936962
1,1,1,0,-0.577901936962,2.55359005004
-153.0,62.5:2
0.5,0.5,1.0,1,2.55359005004,-0.577901936962
1,1,1,0,-0.577901936962,2.55359005004
-209.5,-17.0:2
0.5,0.5,1.0,1,-0.466842486309,2.64765128467
1,1,1,0,2.64765128467,-0.466842486309
-156.0,-19.5:2
0.5,0.25,0.75,1,-2.4980915448,0.463647609001
0.5,0.5,1.0,1,0.463647609001,-2.4980915448
-147.0,-48.5:2
0.5,0.25,0.75,1,-0.432407775571,2.67475016728
1.0,0.5,0.5,1.0,2.67475016728,-0.432407775571
-140.0,-11.5:2
0.5,0.25,0.75,1,-2.67794504459,0.479519291993
0.5,0.5,1.0,1,0.479519291993,-2.67794504459
-156.0,-19.5:2
0.5,0.25,0.75,1,-2.4980915448,0.463647609001
0.5,0.5,1.0,1,0.463647609001,-2.4980915448
-115.5,-108.0:2
1.0,0.5,0.5,1,0.540419500271,-2.57486343607
1,1,1,0,-2.57486343607,0.540419500271
-113.0,-106.5:2
1.0,0.5,0.5,1,0.404891786285,-2.60117315332
1,1,1,0,-2.60117315332,0.404891786285
-118.0,-62.5:2
0.5,0.25,0.75,1,-0.418224329579,2.67794504459
1.0,0.5,0.5,1.0,2.67794504459,-0.418224329579
-121.0,-111.5:2
1.0,0.5,0.5,1,0.566729217524,3.12090594981
1,1,1,0,3.12090594981,0.566729217524
-115.5,-108.0:2
1.0,0.5,0.5,1,0.540419500271,-2.57486343607
1,1,1,0,-2.57486343607,0.540419500271
-118.0,-62.5:2
0.5,0.25,0.75,1,-0.418224329579,2.67794504459
1.0,0.5,0.5,1.0,2.67794504459,-0.418224329579
-118.0,-62.5:2
0.5,0.25,0.75,1,-0.418224329579,2.67794504459
1.0,0.5,0.5,1.0,2.67794504459,-0.418224329579
-106.0,-103.5:2
1.0,0.5,0.5,1,0.463647609001,-2.7367008673
1,1,1,0,-2.7367008673,0.463647609001
-100.0,-100.5:2
1.0,0.5,0.5,1,0.643501108793,-2.67794504459
1,1,1,0,-2.67794504459,0.643501108793
-113.0,-106.5:2
1.0,0.5,0.5,1,0.404891786285,-2.60117315332
1,1,1,0,-2.60117315332,0.404891786285
-106.0,-103.5:2
1.0,0.5,0.5,1,0.463647609001,-2.7367008673
1,1,1,0,-2.7367008673,0.463647609001
-118.0,-62.5:2
0.5,0.25,0.75,1,-0.418224329579,2.67794504459
1.0,0.5,0.5,1.0,2.67794504459,-0.418224329579
-92.0,-94.5:2
1.0,0.5,0.5,1,0.512389460311,-2.4980915448
1,1,1,0,-2.4980915448,0.512389460311
-91.0,-74.5:2
0.5,0.25,0.75,1,-0.446105548943,2.72336832401
1.0,0.5,0.5,1.0,2.72336832401,-0.446105548943
-100.0,-100.5:2
1.0,0.5,0.5,1,0.643501108793,-2.67794504459
1,1,1,0,-2.67794504459,0.643501108793
-140.0,-11.5:2
0.5,0.25,0.75,1,-2.67794504459,0.479519291993
0.5,0.5,1.0,1,0.479519291993,-2.67794504459
-134.0,-54.5:2
0.5,0.25,0.75,1,-0.463647609001,2.70918487802
1.0,0.5,0.5,1.0,2.70918487802,-0.463647609001
-127.5,-5.0:2
0.5,0.25,0.75,1,-2.6620733616,0.49394136892
0.5,0.5,1.0,1,0.49394136892,-2.6620733616
-134.0,-54.5:2
0.5,0.25,0.75,1,-0.463647609001,2.70918487802
1.0,0.5,0.5,1.0,2.70918487802,-0.463647609001
-140.0,-11.5:2
0.5,0.25,0.75,1,-2.67794504459,0.479519291993
0.5,0.5,1.0,1,0.479519291993,-2.67794504459
-147.0,-48.5:2
0.5,0.25,0.75,1,-0.432407775571,2.67475016728
1.0,0.5,0.5,1.0,2.67475016728,-0.432407775571
-127.5,-5.0:2
0.5,0.25,0.75,1,-2.6620733616,0.49394136892
0.5,0.5,1.0,1,0.49394136892,-2.6620733616
-134.0,-54.5:2
0.5,0.25,0.75,1,-0.463647609001,2.70918487802
1.0,0.5,0.5,1.0,2.70918487802,-0.463647609001
-118.0,-62.5:2
0.5,0.25,0.75,1,-0.418224329579,2.67794504459
1.0,0.5,0.5,1.0,2.67794504459,-0.418224329579
-140.0,-11.5:2
0.5,0.25,0.75,1,-2.67794504459,0.479519291993
0.5,0.5,1.0,1,0.479519291993,-2.67794504459
-127.5,-5.0:2
0.5,0.25,0.75,1,-2.6620733616,0.49394136892
0.5,0.5,1.0,1,0.49394136892,-2.6620733616
-135.0,51.5:2
0.5,0.5,1.0,1,2.64765128467,-0.463647609001
1,1,1,0,-0.463647609001,2.64765128467
-118.0,-62.5:2
0.5,0.25,0.75,1,-0.418224329579,2.67794504459
1.0,0.5,0.5,1.0,2.67794504459,-0.418224329579
-91.0,-74.5:2
0.5,0.25,0.75,1,-0.446105548943,2.72336832401
1.0,0.5,0.5,1.0,2.72336832401,-0.446105548943
-109.0,5.5:2
0.5,0.25,0.75,1,-2.61351820516,0.574304830175
0.5,0.5,1.0,1,0.574304830175,-2.61351820516
-91.0,-74.5:2
0.5,0.25,0.75,1,-0.446105548943,2.72336832401
1.0,0.5,0.5,1.0,2.72336832401,-0.446105548943
-118.0,-62.5:2
0.5,0.25,0.75,1,-0.418224329579,2.67794504459
1.0,0.5,0.5,1.0,2.67794504459,-0.418224329579
-100.0,-100.5:2
1.0,0.5,0.5,1,0.643501108793,-2.67794504459
1,1,1,0,-2.67794504459,0.643501108793
-135.0,51.5:2
0.5,0.5,1.0,1,2.64765128467,-0.463647609001
1,1,1,0,-0.463647609001,2.64765128467
-127.5,-5.0:2
0.5,0.25,0.75,1,-2.6620733616,0.49394136892
0.5,0.5,1.0,1,0.49394136892,-2.6620733616
-121.0,-1.5:2
0.5,0.25,0.75,1,-2.64765128467,0.528074448426
0.5,0.5,1.0,1,0.528074448426,-2.64765128467
-109.0,5.5:2
0.5,0.25,0.75,1,-2.61351820516,0.574304830175
0.5,0.5,1.0,1,0.574304830175,-2.61351820516
-121.0,-1.5:2
0.5,0.25,0.75,1,-2.64765128467,0.528074448426
0.5,0.5,1.0,1,0.528074448426,-2.64765128467
-118.0,-62.5:2
0.5,0.25,0.75,1,-0.418224329579,2.67794504459
1.0,0.5,0.5,1.0,2.67794504459,-0.418224329579
-91.0,-74.5:2
0.5,0.25,0.75,1,-0.446105548943,2.72336832401
1.0,0.5,0.5,1.0,2.72336832401,-0.446105548943
-100.5,11.0:2
0.5,0.25,0.75,1,-2.56728782342,0.501604054189
0.5,0.5,1.0,1,0.501604054189,-2.56728782342
-109.0,5.5:2
0.5,0.25,0.75,1,-2.61351820516,0.574304830175
0.5,0.5,1.0,1,0.574304830175,-2.61351820516
-118.0,-62.5:2
0.5,0.25,0.75,1,-0.418224329579,2.67794504459
1.0,0.5,0.5,1.0,2.67794504459,-0.418224329579
-121.0,-1.5:2
0.5,0.25,0.75,1,-2.64765128467,0.528074448426
0.5,0.5,1.0,1,0.528074448426,-2.64765128467
-127.5,-5.0:2
0.5,0.25,0.75,1,-2.6620733616,0.49394136892
0.5,0.5,1.0,1,0.49394136892,-2.6620733616
-134.0,-54.5:2
0.5,0.25,0.75,1,-0.463647609001,2.70918487802
1.0,0.5,0.5,1.0,2.70918487802,-0.463647609001
-121.0,-111.5:2
1.0,0.5,0.5,1,0.566729217524,3.12090594981
1,1,1,0,3.12090594981,0.566729217524
-118.0,-62.5:2
0.5,0.25,0.75,1,-0.418224329579,2.67794504459
1.0,0.5,0.5,1.0,2.67794504459,-0.418224329579
-141.5,55.0:2
0.5,0.5,1.0,1,2.56369071663,-0.49394136892
1,1,1,0,-0.49394136892,2.56369071663
-156.0,-19.5:2
0.5,0.25,0.75,1,-2.4980915448,0.463647609001
0.5,0.5,1.0,1,0.463647609001,-2.4980915448
-140.0,-11.5:2
0.5,0.25,0.75,1,-2.67794504459,0.479519291993
0.5,0.5,1.0,1,0.479519291993,-2.67794504459
-100.5,11.0:2
0.5,0.25,0.75,1,-2.56728782342,0.501604054189
0.5,0.5,1.0,1,0.501604054189,-2.56728782342
-91.0,-74.5:2
0.5,0.25,0.75,1,-0.446105548943,2.72336832401
1.0,0.5,0.5,1.0,2.72336832401,-0.446105548943
-48.0,9.5:2
0.5,0.25,0.75,1,2.72336832401,-0.463647609001
1.0,0.5,0.5,1.0,-0.463647609001,2.72336832401
-121.0,-111.5:2
1.0,0.5,0.5,1,0.566729217524,3.12090594981
1,1,1,0,3.12090594981,0.566729217524
-134.0,-54.5:2
0.5,0.25,0.75,1,-0.463647609001,2.70918487802
1.0,0.5,0.5,1.0,2.70918487802,-0.463647609001
-193.5,-110.0:2
1.0,0.5,0.5,1,-0.0206867037798,1.54890201567
1,1,1,0,1.54890201567,-0.0206867037798
-135.0,51.5:2
0.5,0.5,1.0,1,2.64765128467,-0.463647609001
1,1,1,0,-0.463647609001,2.64765128467
-121.0,-1.5:2
0.5,0.25,0.75,1,-2.64765128467,0.528074448426
0.5,0.5,1.0,1,0.528074448426,-2.64765128467
-109.0,5.5:2
0.5,0.25,0.75,1,-2.61351820516,0.574304830175
0.5,0.5,1.0,1,0.574304830175,-2.61351820516
-232.0,115.5:2
0.5,0.5,1.0,1,2.57486343607,-0.628796286415
1,1,1,0,-0.628796286415,2.57486343607
-237.5,119.0:2
0.5,0.5,1.0,1,3.13407399828,-0.566729217524
1,1,1,0,-0.566729217524,3.13407399828
-295.0,38.5:2
0.5,0.5,1.0,1,-0.643501108793,2.4980915448
1,1,1,0,2.4980915448,-0.643501108793
-308.5,54.0:2
0.5,0.5,1.0,1,-1.57079632679,1.56316288728
1,1,1,0,1.56316288728,-1.57079632679
-303.0,44.5:2
0.5,0.5,1.0,1,-0.643501108793,2.35619449019
1,1,1,0,2.35619449019,-0.643501108793
-295.0,38.5:2
0.5,0.5,1.0,1,-0.643501108793,2.4980915448
1,1,1,0,2.4980915448,-0.643501108793
-261.0,14.5:2
0.5,0.5,1.0,1,-0.588002603548,2.53604798998
1,1,1,0,2.53604798998,-0.588002603548
-213.0,101.5:2
0.5,0.5,1.0,1,2.4980915448,-0.588002603548
1,1,1,0,-0.588002603548,2.4980915448
-287.0,32.5:2
0.5,0.5,1.0,1,-0.605544663605,2.4980915448
1,1,1,0,2.4980915448,-0.605544663605
-232.0,115.5:2
0.5,0.5,1.0,1,2.57486343607,-0.628796286415
1,1,1,0,-0.628796286415,2.57486343607
-295.0,38.5:2
0.5,0.5,1.0,1,-0.643501108793,2.4980915448
1,1,1,0,2.4980915448,-0.643501108793
-287.0,32.5:2
0.5,0.5,1.0,1,-0.605544663605,2.4980915448
1,1,1,0,2.4980915448,-0.605544663605
-258.0,12.5:2
0.5,0.5,1.0,1,-0.49394136892,2.55359005004
1,1,1,0,2.55359005004,-0.49394136892
-207.0,97.5:2
0.5,0.5,1.0,1,2.55359005004,-0.588002603548
1,1,1,0,-0.588002603548,2.55359005004
-261.0,14.5:2
0.5,0.5,1.0,1,-0.588002603548,2.53604798998
1,1,1,0,2.53604798998,-0.588002603548
-85.0,19.5:2
0.5,0.25,0.75,1,-2.6399885994,0.507098504392
0.5,0.5,1.0,1,0.507098504392,-2.6399885994
-75.0,21.5:2
0.5,0.25,0.75,1,2.67794504459,-0.418224329579
1.0,0.5,0.5,1.0,-0.418224329579,2.67794504459
-78.3684210526,23.1842105263:6
0.5,0.25,0.75,1,-2.6344941492,-2.6344941492
0.5,0.25,0.75,1,-2.6344941492,-0.463647609001
1.0,0.5,0.5,1.0,-0.463647609001,-0.463647609001
1.0,0.5,0.5,1.0,-0.463647609001,0.507098504392
1,1,1,0,0.507098504392,2.67794504459
0.5,0.5,1.0,1,2.67794504459,-2.6344941492
-308.5,50.0:2
0.5,0.5,1.0,1,-0.785398163397,1.57079632679
1,1,1,0,1.57079632679,-0.785398163397
-303.0,44.5:2
0.5,0.5,1.0,1,-0.643501108793,2.35619449019
1,1,1,0,2.35619449019,-0.643501108793
-308.5,52.0:2
0.5,0.5,1.0,1,-1.57079632679,1.57079632679
1,1,1,0,1.57079632679,-1.57079632679
-308.5,52.0:2
0.5,0.5,1.0,1,-1.57079632679,1.57079632679
1,1,1,0,1.57079632679,-1.57079632679
-303.0,44.5:2
0.5,0.5,1.0,1,-0.643501108793,2.35619449019
1,1,1,0,2.35619449019,-0.643501108793
-308.5,54.0:2
0.5,0.5,1.0,1,-1.57079632679,1.56316288728
1,1,1,0,1.56316288728,-1.57079632679
-135.0,51.5:2
0.5,0.5,1.0,1,2.64765128467,-0.463647609001
1,1,1,0,-0.463647609001,2.64765128467
-85.0,19.5:2
0.5,0.25,0.75,1,-2.6399885994,0.507098504392
0.5,0.5,1.0,1,0.507098504392,-2.6399885994
-78.3684210526,23.1842105263:6
0.5,0.25,0.75,1,-2.6344941492,-2.6344941492
0.5,0.25,0.75,1,-2.6344941492,-0.463647609001
1.0,0.5,0.5,1.0,-0.463647609001,-0.463647609001
1.0,0.5,0.5,1.0,-0.463647609001,0.507098504392
1,1,1,0,0.507098504392,2.67794504459
0.5,0.5,1.0,1,2.67794504459,-2.6344941492
-308.5,54.0:2
0.5,0.5,1.0,1,-1.57079632679,1.56316288728
1,1,1,0,1.56316288728,-1.57079632679
-306.0,119.5:2
0.5,0.5,1.0,1,3.14159265359,0.0
1,1,1,0,0.0,3.14159265359
-308.0,119.5:2
0.5,0.5,1.0,1,-1.57842976631,0.0
1,1,1,0,0.0,-1.57842976631
-308.5,54.0:2
0.5,0.5,1.0,1,-1.57079632679,1.56316288728
1,1,1,0,1.56316288728,-1.57079632679
-237.5,119.0:2
0.5,0.5,1.0,1,3.13407399828,-0.566729217524
1,1,1,0,-0.566729217524,3.13407399828
-304.0,119.5:2
0.5,0.5,1.0,1,3.14159265359,-0.0075186553123
1,1,1,0,-0.0075186553123,3.14159265359
-56.5,-76.0:2
0.5,0.25,0.75,1,0.574304830175,-2.68825395774
0.5,0.5,1.0,1,-2.68825395774,0.574304830175
-91.0,-74.5:2
0.5,0.25,0.75,1,-0.446105548943,2.72336832401
1.0,0.5,0.5,1.0,2.72336832401,-0.446105548943
-72.0369515012,-83.5692840647:6
1,1,1,0,-2.68825395774,-0.446105548943
0.5,0.5,1.0,1,-0.446105548943,0.453338695855
0.5,0.25,0.75,1,0.453338695855,0.453338695855
0.5,0.25,0.75,1,0.453338695855,2.69548710465
1.0,0.5,0.5,1.0,2.69548710465,2.69548710465
1.0,0.5,0.5,1.0,2.69548710465,-2.68825395774
-306.0,119.5:2
0.5,0.5,1.0,1,3.14159265359,0.0
1,1,1,0,0.0,3.14159265359
-308.5,54.0:2
0.5,0.5,1.0,1,-1.57079632679,1.56316288728
1,1,1,0,1.56316288728,-1.57079632679
-304.0,119.5:2
0.5,0.5,1.0,1,3.14159265359,-0.0075186553123
1,1,1,0,-0.0075186553123,3.14159265359
-68.0,-85.5:2
0.5,0.5,1.0,1,-0.380506377112,2.69548710465
1,1,1,0,2.69548710465,-0.380506377112
-56.5,-76.0:2
0.5,0.25,0.75,1,0.574304830175,-2.68825395774
0.5,0.5,1.0,1,-2.68825395774,0.574304830175
-72.0369515012,-83.5692840647:6
1,1,1,0,-2.68825395774,-0.446105548943
0.5,0.5,1.0,1,-0.446105548943,0.453338695855
0.5,0.25,0.75,1,0.453338695855,0.453338695855
0.5,0.25,0.75,1,0.453338695855,2.69548710465
1.0,0.5,0.5,1.0,2.69548710465,2.69548710465
1.0,0.5,0.5,1.0,2.69548710465,-2.68825395774
27.0,-25.5:2
0.5,0.25,0.75,1,2.69548710465,-0.380506377112
1.0,0.5,0.5,1.0,-0.380506377112,2.69548710465
27.5,-27.0:2
0.5,0.25,0.75,1,0.574304830175,-2.64765128467
0.5,0.5,1.0,1,-2.64765128467,0.574304830175
28.7415730337,-26.1966292135:6
0.5,0.25,0.75,1,-2.56728782342,-2.56728782342
0.5,0.5,1.0,1,-2.56728782342,-0.380506377112
1,1,1,0,-0.380506377112,0.574304830175
1.0,0.5,0.5,1,0.574304830175,2.76108627648
1.0,0.5,0.5,1.0,2.76108627648,2.76108627648
0.5,0.25,0.75,1,2.76108627648,-2.56728782342
-237.5,119.0:2
0.5,0.5,1.0,1,3.13407399828,-0.566729217524
1,1,1,0,-0.566729217524,3.13407399828
-308.5,54.0:2
0.5,0.5,1.0,1,-1.57079632679,1.56316288728
1,1,1,0,1.56316288728,-1.57079632679
-295.0,38.5:2
0.5,0.5,1.0,1,-0.643501108793,2.4980915448
1,1,1,0,2.4980915448,-0.643501108793
27.5,-27.0:2
0.5,0.25,0.75,1,0.574304830175,-2.64765128467
0.5,0.5,1.0,1,-2.64765128467,0.574304830175
37.0,-29.5:2
0.5,0.5,1.0,1,2.76108627648,-0.422853926133
1,1,1,0,-0.422853926133,2.76108627648
28.7415730337,-26.1966292135:6
0.5,0.25,0.75,1,-2.56728782342,-2.56728782342
0.5,0.5,1.0,1,-2.56728782342,-0.380506377112
1,1,1,0,-0.380506377112,0.574304830175
1.0,0.5,0.5,1,0.574304830175,2.76108627648
1.0,0.5,0.5,1.0,2.76108627648,2.76108627648
0.5,0.25,0.75,1,2.76108627648,-2.56728782342
-258.0,12.5:2
0.5,0.5,1.0,1,-0.49394136892,2.55359005004
1,1,1,0,2.55359005004,-0.49394136892
-251.5,9.0:2
0.5,0.5,1.0,1,-0.577901936962,2.64765128467
1,1,1,0,2.64765128467,-0.577901936962
-207.0,97.5:2
0.5,0.5,1.0,1,2.55359005004,-0.588002603548
1,1,1,0,-0.588002603548,2.55359005004
-209.5,-17.0:2
0.5,0.5,1.0,1,-0.466842486309,2.64765128467
1,1,1,0,2.64765128467,-0.466842486309
-156.0,64.5:2
0.5,0.5,1.0,1,2.64765128467,-0.588002603548
1,1,1,0,-0.588002603548,2.64765128467
-162.5,68.0:2
0.5,0.5,1.0,1,2.56369071663,-0.49394136892
1,1,1,0,-0.49394136892,2.56369071663
-219.0,-11.5:2
0.5,0.5,1.0,1,-0.588002603548,2.56369071663
1,1,1,0,2.56369071663,-0.588002603548
-162.5,68.0:2
0.5,0.5,1.0,1,2.56369071663,-0.49394136892
1,1,1,0,-0.49394136892,2.56369071663
-174.0,75.5:2
0.5,0.5,1.0,1,2.55359005004,-0.577901936962
1,1,1,0,-0.577901936962,2.55359005004
-100.5,11.0:2
0.5,0.25,0.75,1,-2.56728782342,0.501604054189
0.5,0.5,1.0,1,0.501604054189,-2.56728782342
-85.0,19.5:2
0.5,0.25,0.75,1,-2.6399885994,0.507098504392
0.5,0.5,1.0,1,0.507098504392,-2.6399885994
-135.0,51.5:2
0.5,0.5,1.0,1,2.64765128467,-0.463647609001
1,1,1,0,-0.463647609001,2.64765128467
-48.0,9.5:2
0.5,0.25,0.75,1,2.72336832401,-0.463647609001
1.0,0.5,0.5,1.0,-0.463647609001,2.72336832401
-85.0,19.5:2
0.5,0.25,0.75,1,-2.6399885994,0.507098504392
0.5,0.5,1.0,1,0.507098504392,-2.6399885994
-100.5,11.0:2
0.5,0.25,0.75,1,-2.56728782342,0.501604054189
0.5,0.5,1.0,1,0.501604054189,-2.56728782342
-156.0,-19.5:2
0.5,0.25,0.75,1,-2.4980915448,0.463647609001
0.5,0.5,1.0,1,0.463647609001,-2.4980915448
-141.5,55.0:2
0.5,0.5,1.0,1,2.56369071663,-0.49394136892
1,1,1,0,-0.49394136892,2.56369071663
-153.0,62.5:2
0.5,0.5,1.0,1,2.55359005004,-0.577901936962
1,1,1,0,-0.577901936962,2.55359005004
-209.5,-17.0:2
0.5,0.5,1.0,1,-0.466842486309,2.64765128467
1,1,1,0,2.64765128467,-0.466842486309
-153.0,62.5:2
0.5,0.5,1.0,1,2.55359005004,-0.577901936962
1,1,1,0,-0.577901936962,2.55359005004
-156.0,64.5:2
0.5,0.5,1.0,1,2.64765128467,-0.588002603548
1,1,1,0,-0.588002603548,2.64765128467
-230.5,-4.0:2
0.5,0.5,1.0,1,-0.577901936962,2.64765128467
1,1,1,0,2.64765128467,-0.577901936962
-174.0,75.5:2
0.5,0.5,1.0,1,2.55359005004,-0.577901936962
1,1,1,0,-0.577901936962,2.55359005004
-177.0,77.5:2
0.5,0.5,1.0,1,2.55359005004,-0.588002603548
1,1,1,0,-0.588002603548,2.55359005004
-287.0,32.5:2
0.5,0.5,1.0,1,-0.605544663605,2.4980915448
1,1,1,0,2.4980915448,-0.605544663605
-221.0,107.5:2
0.5,0.5,1.0,1,2.51279636717,-0.643501108793
1,1,1,0,-0.643501108793,2.51279636717
-232.0,115.5:2
0.5,0.5,1.0,1,2.57486343607,-0.628796286415
1,1,1,0,-0.628796286415,2.57486343607
-287.0,32.5:2
0.5,0.5,1.0,1,-0.605544663605,2.4980915448
1,1,1,0,2.4980915448,-0.605544663605
-213.0,101.5:2
0.5,0.5,1.0,1,2.4980915448,-0.588002603548
1,1,1,0,-0.588002603548,2.4980915448
-221.0,107.5:2
0.5,0.5,1.0,1,2.51279636717,-0.643501108793
1,1,1,0,-0.643501108793,2.51279636717
-251.5,9.0:2
0.5,0.5,1.0,1,-0.577901936962,2.64765128467
1,1,1,0,2.64765128467,-0.577901936962
-240.0,1.5:2
0.5,0.5,1.0,1,-0.588002603548,2.56369071663
1,1,1,0,2.56369071663,-0.588002603548
-177.0,77.5:2
0.5,0.5,1.0,1,2.55359005004,-0.588002603548
1,1,1,0,-0.588002603548,2.55359005004
-261.0,14.5:2
0.5,0.5,1.0,1,-0.588002603548,2.53604798998
1,1,1,0,2.53604798998,-0.588002603548
-207.0,97.5:2
0.5,0.5,1.0,1,2.55359005004,-0.588002603548
1,1,1,0,-0.588002603548,2.55359005004
-210.0,99.5:2
0.5,0.5,1.0,1,2.55359005004,-0.588002603548
1,1,1,0,-0.588002603548,2.55359005004
-251.5,9.0:2
0.5,0.5,1.0,1,-0.577901936962,2.64765128467
1,1,1,0,2.64765128467,-0.577901936962
-177.0,77.5:2
0.5,0.5,1.0,1,2.55359005004,-0.588002603548
1,1,1,0,-0.588002603548,2.55359005004
-207.0,97.5:2
0.5,0.5,1.0,1,2.55359005004,-0.588002603548
1,1,1,0,-0.588002603548,2.55359005004
-261.0,14.5:2
0.5,0.5,1.0,1,-0.588002603548,2.53604798998
1,1,1,0,2.53604798998,-0.588002603548
-210.0,99.5:2
0.5,0.5,1.0,1,2.55359005004,-0.588002603548
1,1,1,0,-0.588002603548,2.55359005004
-213.0,101.5:2
0.5,0.5,1.0,1,2.4980915448,-0.588002603548
1,1,1,0,-0.588002603548,2.4980915448
-141.5,55.0:2
0.5,0.5,1.0,1,2.56369071663,-0.49394136892
1,1,1,0,-0.49394136892,2.56369071663
-140.0,-11.5:2
0.5,0.25,0.75,1,-2.67794504459,0.479519291993
0.5,0.5,1.0,1,0.479519291993,-2.67794504459
-135.0,51.5:2
0.5,0.5,1.0,1,2.64765128467,-0.463647609001
1,1,1,0,-0.463647609001,2.64765128467
-109.0,5.5:2
0.5,0.25,0.75,1,-2.61351820516,0.574304830175
0.5,0.5,1.0,1,0.574304830175,-2.61351820516
-100.5,11.0:2
0.5,0.25,0.75,1,-2.56728782342,0.501604054189
0.5,0.5,1.0,1,0.501604054189,-2.56728782342
-135.0,51.5:2
0.5,0.5,1.0,1,2.64765128467,-0.463647609001
1,1,1,0,-0.463647609001,2.64765128467
-91.0,-74.5:2
0.5,0.25,0.75,1,-0.446105548943,2.72336832401
1.0,0.5,0.5,1.0,2.72336832401,-0.446105548943
-92.0,-94.5:2
1.0,0.5,0.5,1,0.512389460311,-2.4980915448
1,1,1,0,-2.4980915448,0.512389460311
-76.0,-85.5:2
1.0,0.5,0.5,1,0.453338695855,-2.62920319328
1,1,1,0,-2.62920319328,0.453338695855
-68.0,-85.5:2
0.5,0.5,1.0,1,-0.380506377112,2.69548710465
1,1,1,0,2.69548710465,-0.380506377112
-58.0,-89.5:2
0.5,0.5,1.0,1,-0.446105548943,2.76108627648
1,1,1,0,2.76108627648,-0.446105548943
-56.5,-76.0:2
0.5,0.25,0.75,1,0.574304830175,-2.68825395774
0.5,0.5,1.0,1,-2.68825395774,0.574304830175
-35.0,-100.5:2
0.5,0.5,1.0,1,-0.380506377112,2.69548710465
1,1,1,0,2.69548710465,-0.380506377112
-48.0,-70.5:2
0.5,0.25,0.75,1,0.528074448426,-2.56728782342
0.5,0.5,1.0,1,-2.56728782342,0.528074448426
-58.0,-89.5:2
0.5,0.5,1.0,1,-0.446105548943,2.76108627648
1,1,1,0,2.76108627648,-0.446105548943
-58.0,-89.5:2
0.5,0.5,1.0,1,-0.446105548943,2.76108627648
1,1,1,0,2.76108627648,-0.446105548943
-48.0,-70.5:2
0.5,0.25,0.75,1,0.528074448426,-2.56728782342
0.5,0.5,1.0,1,-2.56728782342,0.528074448426
-56.5,-76.0:2
0.5,0.25,0.75,1,0.574304830175,-2.68825395774
0.5,0.5,1.0,1,-2.68825395774,0.574304830175
-29.5,-60.0:2
0.5,0.25,0.75,1,0.566729217524,-2.64765128467
0.5,0.5,1.0,1,-2.64765128467,0.566729217524
-35.0,-100.5:2
0.5,0.5,1.0,1,-0.380506377112,2.69548710465
1,1,1,0,2.69548710465,-0.380506377112
-25.0,-104.5:2
0.5,0.5,1.0,1,-0.416438617192,2.76108627648
1,1,1,0,2.76108627648,-0.416438617192
-48.0,-70.5:2
0.5,0.25,0.75,1,0.528074448426,-2.56728782342
0.5,0.5,1.0,1,-2.56728782342,0.528074448426
-91.0,-74.5:2
0.5,0.25,0.75,1,-0.446105548943,2.72336832401
1.0,0.5,0.5,1.0,2.72336832401,-0.446105548943
-56.5,-76.0:2
0.5,0.25,0.75,1,0.574304830175,-2.68825395774
0.5,0.5,1.0,1,-2.68825395774,0.574304830175
-35.0,-100.5:2
0.5,0.5,1.0,1,-0.380506377112,2.69548710465
1,1,1,0,2.69548710465,-0.380506377112
-36.0,-63.5:2
0.5,0.25,0.75,1,0.49394136892,-2.61351820516
0.5,0.5,1.0,1,-2.61351820516,0.49394136892
-48.0,-70.5:2
0.5,0.25,0.75,1,0.528074448426,-2.56728782342
0.5,0.5,1.0,1,-2.56728782342,0.528074448426
-35.0,-100.5:2
0.5,0.5,1.0,1,-0.380506377112,2.69548710465
1,1,1,0,2.69548710465,-0.380506377112
-29.5,-60.0:2
0.5,0.25,0.75,1,0.566729217524,-2.64765128467
0.5,0.5,1.0,1,-2.64765128467,0.566729217524
-36.0,-63.5:2
0.5,0.25,0.75,1,0.49394136892,-2.61351820516
0.5,0.5,1.0,1,-2.61351820516,0.49394136892
-32.0,1.5:2
0.5,0.25,0.75,1,2.67794504459,-0.432407775571
1.0,0.5,0.5,1.0,-0.432407775571,2.67794504459
-36.0,-63.5:2
0.5,0.25,0.75,1,0.49394136892,-2.61351820516
0.5,0.5,1.0,1,-2.61351820516,0.49394136892
-29.5,-60.0:2
0.5,0.25,0.75,1,0.566729217524,-2.64765128467
0.5,0.5,1.0,1,-2.64765128467,0.566729217524
-48.0,9.5:2
0.5,0.25,0.75,1,2.72336832401,-0.463647609001
1.0,0.5,0.5,1.0,-0.463647609001,2.72336832401
-48.0,-70.5:2
0.5,0.25,0.75,1,0.528074448426,-2.56728782342
0.5,0.5,1.0,1,-2.56728782342,0.528074448426
-36.0,-63.5:2
0.5,0.25,0.75,1,0.49394136892,-2.61351820516
0.5,0.5,1.0,1,-2.61351820516,0.49394136892
-8.5,-48.0:2
0.5,0.25,0.75,1,0.507098504392,-2.6399885994
0.5,0.5,1.0,1,-2.6399885994,0.507098504392
-19.0,-4.5:2
0.5,0.25,0.75,1,2.70918487802,-0.432407775571
1.0,0.5,0.5,1.0,-0.432407775571,2.70918487802
-24.0,-56.5:2
0.5,0.25,0.75,1,0.501604054189,-2.57486343607
0.5,0.5,1.0,1,-2.57486343607,0.501604054189
-24.0,-56.5:2
0.5,0.25,0.75,1,0.501604054189,-2.57486343607
0.5,0.5,1.0,1,-2.57486343607,0.501604054189
-29.5,-60.0:2
0.5,0.25,0.75,1,0.566729217524,-2.64765128467
0.5,0.5,1.0,1,-2.64765128467,0.566729217524
-25.0,-104.5:2
0.5,0.5,1.0,1,-0.416438617192,2.76108627648
1,1,1,0,2.76108627648,-0.416438617192
-8.5,-48.0:2
0.5,0.25,0.75,1,0.507098504392,-2.6399885994
0.5,0.5,1.0,1,-2.6399885994,0.507098504392
0.5,-43.0:2
0.5,0.25,0.75,1,0.566729217524,-2.6344941492
0.5,0.5,1.0,1,-2.6344941492,0.566729217524
-6.0,-10.5:2
0.5,0.25,0.75,1,2.70918487802,-0.380506377112
1.0,0.5,0.5,1.0,-0.380506377112,2.70918487802
27.0,-127.5:2
0.5,0.5,1.0,1,-0.507098504392,2.7251540364
1,1,1,0,2.7251540364,-0.507098504392
6.0,-39.5:2
0.5,0.25,0.75,1,0.49394136892,-2.57486343607
0.5,0.5,1.0,1,-2.57486343607,0.49394136892
0.5,-43.0:2
0.5,0.25,0.75,1,0.566729217524,-2.6344941492
0.5,0.5,1.0,1,-2.6344941492,0.566729217524
-25.0,-104.5:2
0.5,0.5,1.0,1,-0.416438617192,2.76108627648
1,1,1,0,2.76108627648,-0.416438617192
-8.5,-48.0:2
0.5,0.25,0.75,1,0.507098504392,-2.6399885994
0.5,0.5,1.0,1,-2.6399885994,0.507098504392
-24.0,-56.5:2
0.5,0.25,0.75,1,0.501604054189,-2.57486343607
0.5,0.5,1.0,1,-2.57486343607,0.501604054189
-29.5,-60.0:2
0.5,0.25,0.75,1,0.566729217524,-2.64765128467
0.5,0.5,1.0,1,-2.64765128467,0.566729217524
-24.0,-56.5:2
0.5,0.25,0.75,1,0.501604054189,-2.57486343607
0.5,0.5,1.0,1,-2.57486343607,0.501604054189
-32.0,1.5:2
0.5,0.25,0.75,1,2.67794504459,-0.432407775571
1.0,0.5,0.5,1.0,-0.432407775571,2.67794504459
27.0,-127.5:2
0.5,0.5,1.0,1,-0.507098504392,2.7251540364
1,1,1,0,2.7251540364,-0.507098504392
0.5,-43.0:2
0.5,0.25,0.75,1,0.566729217524,-2.6344941492
0.5,0.5,1.0,1,-2.6344941492,0.566729217524
-8.5,-48.0:2
0.5,0.25,0.75,1,0.507098504392,-2.6399885994
0.5,0.5,1.0,1,-2.6399885994,0.507098504392
-48.0,-70.5:2
0.5,0.25,0.75,1,0.528074448426,-2.56728782342
0.5,0.5,1.0,1,-2.56728782342,0.528074448426
-48.0,9.5:2
0.5,0.25,0.75,1,2.72336832401,-0.463647609001
1.0,0.5,0.5,1.0,-0.463647609001,2.72336832401
-91.0,-74.5:2
0.5,0.25,0.75,1,-0.446105548943,2.72336832401
1.0,0.5,0.5,1.0,2.72336832401,-0.446105548943
27.0,-127.5:2
0.5,0.5,1.0,1,-0.507098504392,2.7251540364
1,1,1,0,2.7251540364,-0.507098504392
-8.5,-48.0:2
0.5,0.25,0.75,1,0.507098504392,-2.6399885994
0.5,0.5,1.0,1,-2.6399885994,0.507098504392
-25.0,-104.5:2
0.5,0.5,1.0,1,-0.416438617192,2.76108627648
1,1,1,0,2.76108627648,-0.416438617192
4.0,-14.5:2
0.5,0.25,0.75,1,2.76108627648,-0.446105548943
1.0,0.5,0.5,1.0,-0.446105548943,2.76108627648
0.5,-43.0:2
0.5,0.25,0.75,1,0.566729217524,-2.6344941492
0.5,0.5,1.0,1,-2.6344941492,0.566729217524
6.0,-39.5:2
0.5,0.25,0.75,1,0.49394136892,-2.57486343607
0.5,0.5,1.0,1,-2.57486343607,0.49394136892
57.0,-38.5:2
0.5,0.5,1.0,1,2.71873872746,-0.444781922979
1,1,1,0,-0.444781922979,2.71873872746
27.0,-127.5:2
0.5,0.5,1.0,1,-0.507098504392,2.7251540364
1,1,1,0,2.7251540364,-0.507098504392
36.0,-132.5:2
0.5,0.5,1.0,1,-0.0841382405312,2.6344941492
1,1,1,0,2.6344941492,-0.0841382405312
119.0,-139.5:2
0.5,0.5,1.0,1,0.0,3.05745441306
1,1,1,0,3.05745441306,0.0
110.5,-64.0:2
0.5,0.5,1.0,1,2.69681073061,-0.367173833818
1,1,1,0,-0.367173833818,2.69681073061
36.0,-132.5:2
0.5,0.5,1.0,1,-0.0841382405312,2.6344941492
1,1,1,0,2.6344941492,-0.0841382405312
117.0,-66.5:2
0.5,0.5,1.0,1,2.77441881977,-0.463647609001
1,1,1,0,-0.463647609001,2.77441881977
110.5,-64.0:2
0.5,0.5,1.0,1,2.69681073061,-0.367173833818
1,1,1,0,-0.367173833818,2.69681073061
119.0,-139.5:2
0.5,0.5,1.0,1,0.0,3.05745441306
1,1,1,0,3.05745441306,0.0
119.0,-139.5:2
0.5,0.5,1.0,1,0.0,3.05745441306
1,1,1,0,3.05745441306,0.0
121.0,-139.5:2
0.5,0.5,1.0,1,0.0,3.14159265359
1,1,1,0,3.14159265359,0.0
123.0,-69.5:2
0.5,0.5,1.0,1,2.67794504459,-1.57079632679
1,1,1,0,-1.57079632679,2.67794504459
123.0,-139.5:2
0.5,0.5,1.0,1,1.57079632679,3.14159265359
1,1,1,0,3.14159265359,1.57079632679
123.0,-69.5:2
0.5,0.5,1.0,1,2.67794504459,-1.57079632679
1,1,1,0,-1.57079632679,2.67794504459
121.0,-139.5:2
0.5,0.5,1.0,1,0.0,3.14159265359
1,1,1,0,3.14159265359,0.0
119.0,-139.5:2
0.5,0.5,1.0,1,0.0,3.05745441306
1,1,1,0,3.05745441306,0.0
123.0,-69.5:2
0.5,0.5,1.0,1,2.67794504459,-1.57079632679
1,1,1,0,-1.57079632679,2.67794504459
117.0,-66.5:2
0.5,0.5,1.0,1,2.77441881977,-0.463647609001
1,1,1,0,-0.463647609001,2.77441881977
4.0,-14.5:2
0.5,0.25,0.75,1,2.76108627648,-0.446105548943
1.0,0.5,0.5,1.0,-0.446105548943,2.76108627648
12.5,-36.0:2
0.5,0.25,0.75,1,0.574304830175,-2.64765128467
0.5,0.5,1.0,1,-2.64765128467,0.574304830175
21.0,-30.5:2
0.5,0.25,0.75,1,0.49394136892,-2.56728782342
0.5,0.5,1.0,1,-2.56728782342,0.49394136892
21.0,-30.5:2
0.5,0.25,0.75,1,0.49394136892,-2.56728782342
0.5,0.5,1.0,1,-2.56728782342,0.49394136892
12.5,-36.0:2
0.5,0.25,0.75,1,0.574304830175,-2.64765128467
0.5,0.5,1.0,1,-2.64765128467,0.574304830175
37.0,-29.5:2
0.5,0.5,1.0,1,2.76108627648,-0.422853926133
1,1,1,0,-0.422853926133,2.76108627648
27.0,-25.5:2
0.5,0.25,0.75,1,2.69548710465,-0.380506377112
1.0,0.5,0.5,1.0,-0.380506377112,2.69548710465
21.0,-30.5:2
0.5,0.25,0.75,1,0.49394136892,-2.56728782342
0.5,0.5,1.0,1,-2.56728782342,0.49394136892
27.5,-27.0:2
0.5,0.25,0.75,1,0.574304830175,-2.64765128467
0.5,0.5,1.0,1,-2.64765128467,0.574304830175
6.0,-39.5:2
0.5,0.25,0.75,1,0.49394136892,-2.57486343607
0.5,0.5,1.0,1,-2.57486343607,0.49394136892
12.5,-36.0:2
0.5,0.25,0.75,1,0.574304830175,-2.64765128467
0.5,0.5,1.0,1,-2.64765128467,0.574304830175
4.0,-14.5:2
0.5,0.25,0.75,1,2.76108627648,-0.446105548943
1.0,0.5,0.5,1.0,-0.446105548943,2.76108627648
37.0,-29.5:2
0.5,0.5,1.0,1,2.76108627648,-0.422853926133
1,1,1,0,-0.422853926133,2.76108627648
12.5,-36.0:2
0.5,0.25,0.75,1,0.574304830175,-2.64765128467
0.5,0.5,1.0,1,-2.64765128467,0.574304830175
57.0,-38.5:2
0.5,0.5,1.0,1,2.71873872746,-0.444781922979
1,1,1,0,-0.444781922979,2.71873872746
27.0,-25.5:2
0.5,0.25,0.75,1,2.69548710465,-0.380506377112
1.0,0.5,0.5,1.0,-0.380506377112,2.69548710465
28.7415730337,-26.1966292135:6
0.5,0.25,0.75,1,-2.56728782342,-2.56728782342
0.5,0.5,1.0,1,-2.56728782342,-0.380506377112
1,1,1,0,-0.380506377112,0.574304830175
1.0,0.5,0.5,1,0.574304830175,2.76108627648
1.0,0.5,0.5,1.0,2.76108627648,2.76108627648
0.5,0.25,0.75,1,2.76108627648,-2.56728782342
36.0,-21.5:2
1.0,0.5,0.5,1,0.49394136892,-2.56728782342
1,1,1,0,-2.56728782342,0.49394136892
27.5,-27.0:2
0.5,0.25,0.75,1,0.574304830175,-2.64765128467
0.5,0.5,1.0,1,-2.64765128467,0.574304830175
21.0,-30.5:2
0.5,0.25,0.75,1,0.49394136892,-2.56728782342
0.5,0.5,1.0,1,-2.56728782342,0.49394136892
37.0,-29.5:2
0.5,0.5,1.0,1,2.76108627648,-0.422853926133
1,1,1,0,-0.422853926133,2.76108627648
12.5,-36.0:2
0.5,0.25,0.75,1,0.574304830175,-2.64765128467
0.5,0.5,1.0,1,-2.64765128467,0.574304830175
27.0,-127.5:2
0.5,0.5,1.0,1,-0.507098504392,2.7251540364
1,1,1,0,2.7251540364,-0.507098504392
57.0,-38.5:2
0.5,0.5,1.0,1,2.71873872746,-0.444781922979
1,1,1,0,-0.444781922979,2.71873872746
36.0,-132.5:2
0.5,0.5,1.0,1,-0.0841382405312,2.6344941492
1,1,1,0,2.6344941492,-0.0841382405312
110.5,-64.0:2
0.5,0.5,1.0,1,2.69681073061,-0.367173833818
1,1,1,0,-0.367173833818,2.69681073061
57.0,-38.5:2
0.5,0.5,1.0,1,2.71873872746,-0.444781922979
1,1,1,0,-0.444781922979,2.71873872746
27.0,-127.5:2
0.5,0.5,1.0,1,-0.507098504392,2.7251540364
1,1,1,0,2.7251540364,-0.507098504392
12.5,-36.0:2
0.5,0.25,0.75,1,0.574304830175,-2.64765128467
0.5,0.5,1.0,1,-2.64765128467,0.574304830175
6.0,-39.5:2
0.5,0.25,0.75,1,0.49394136892,-2.57486343607
0.5,0.5,1.0,1,-2.57486343607,0.49394136892
27.0,-25.5:2
0.5,0.25,0.75,1,2.69548710465,-0.380506377112
1.0,0.5,0.5,1.0,-0.380506377112,2.69548710465
4.0,-14.5:2
0.5,0.25,0.75,1,2.76108627648,-0.446105548943
1.0,0.5,0.5,1.0,-0.446105548943,2.76108627648
21.0,-30.5:2
0.5,0.25,0.75,1,0.49394136892,-2.56728782342
0.5,0.5,1.0,1,-2.56728782342,0.49394136892
-76.0,24.5:2
1.0,0.5,0.5,1,-2.6344941492,0.566729217524
1,1,1,0,0.566729217524,-2.6344941492
-75.0,21.5:2
0.5,0.25,0.75,1,2.67794504459,-0.418224329579
1.0,0.5,0.5,1.0,-0.418224329579,2.67794504459
-70.5,28.0:2
1.0,0.5,0.5,1,-2.57486343607,0.501604054189
1,1,1,0,0.501604054189,-2.57486343607
-76.0,24.5:2
1.0,0.5,0.5,1,-2.6344941492,0.566729217524
1,1,1,0,0.566729217524,-2.6344941492
-78.3684210526,23.1842105263:6
0.5,0.25,0.75,1,-2.6344941492,-2.6344941492
0.5,0.25,0.75,1,-2.6344941492,-0.463647609001
1.0,0.5,0.5,1.0,-0.463647609001,-0.463647609001
1.0,0.5,0.5,1.0,-0.463647609001,0.507098504392
1,1,1,0,0.507098504392,2.67794504459
0.5,0.5,1.0,1,2.67794504459,-2.6344941492
-75.0,21.5:2
0.5,0.25,0.75,1,2.67794504459,-0.418224329579
1.0,0.5,0.5,1.0,-0.418224329579,2.67794504459
-70.5,28.0:2
1.0,0.5,0.5,1,-2.57486343607,0.501604054189
1,1,1,0,0.501604054189,-2.57486343607
-75.0,21.5:2
0.5,0.25,0.75,1,2.67794504459,-0.418224329579
1.0,0.5,0.5,1.0,-0.418224329579,2.67794504459
-48.0,9.5:2
0.5,0.25,0.75,1,2.72336832401,-0.463647609001
1.0,0.5,0.5,1.0,-0.463647609001,2.72336832401
-40.0,45.5:2
1.0,0.5,0.5,1,-2.64765128467,0.574304830175
1,1,1,0,0.574304830175,-2.64765128467
-48.0,9.5:2
0.5,0.25,0.75,1,2.72336832401,-0.463647609001
1.0,0.5,0.5,1.0,-0.463647609001,2.72336832401
-32.0,1.5:2
0.5,0.25,0.75,1,2.67794504459,-0.432407775571
1.0,0.5,0.5,1.0,-0.432407775571,2.67794504459
-75.0,21.5:2
0.5,0.25,0.75,1,2.67794504459,-0.418224329579
1.0,0.5,0.5,1.0,-0.418224329579,2.67794504459
-85.0,19.5:2
0.5,0.25,0.75,1,-2.6399885994,0.507098504392
0.5,0.5,1.0,1,0.507098504392,-2.6399885994
-48.0,9.5:2
0.5,0.25,0.75,1,2.72336832401,-0.463647609001
1.0,0.5,0.5,1.0,-0.463647609001,2.72336832401
-19.0,-4.5:2
0.5,0.25,0.75,1,2.70918487802,-0.432407775571
1.0,0.5,0.5,1.0,-0.432407775571,2.70918487802
-32.0,1.5:2
0.5,0.25,0.75,1,2.67794504459,-0.432407775571
1.0,0.5,0.5,1.0,-0.432407775571,2.67794504459
-24.0,-56.5:2
0.5,0.25,0.75,1,0.501604054189,-2.57486343607
0.5,0.5,1.0,1,-2.57486343607,0.501604054189
-48.0,9.5:2
0.5,0.25,0.75,1,2.72336832401,-0.463647609001
1.0,0.5,0.5,1.0,-0.463647609001,2.72336832401
-55.0,36.5:2
1.0,0.5,0.5,1,-2.6399885994,0.574304830175
1,1,1,0,0.574304830175,-2.6399885994
-70.5,28.0:2
1.0,0.5,0.5,1,-2.57486343607,0.501604054189
1,1,1,0,0.501604054189,-2.57486343607
-36.0,-63.5:2
0.5,0.25,0.75,1,0.49394136892,-2.61351820516
0.5,0.5,1.0,1,-2.61351820516,0.49394136892
-32.0,1.5:2
0.5,0.25,0.75,1,2.67794504459,-0.432407775571
1.0,0.5,0.5,1.0,-0.432407775571,2.67794504459
-48.0,9.5:2
0.5,0.25,0.75,1,2.72336832401,-0.463647609001
1.0,0.5,0.5,1.0,-0.463647609001,2.72336832401
-25.0,54.5:2
1.0,0.5,0.5,1,-2.64765128467,0.574304830175
1,1,1,0,0.574304830175,-2.64765128467
-32.0,1.5:2
0.5,0.25,0.75,1,2.67794504459,-0.432407775571
1.0,0.5,0.5,1.0,-0.432407775571,2.67794504459
-19.0,-4.5:2
0.5,0.25,0.75,1,2.70918487802,-0.432407775571
1.0,0.5,0.5,1.0,-0.432407775571,2.70918487802
-48.0,9.5:2
0.5,0.25,0.75,1,2.72336832401,-0.463647609001
1.0,0.5,0.5,1.0,-0.463647609001,2.72336832401
-46.5,42.0:2
1.0,0.5,0.5,1,-2.56728782342,0.49394136892
1,1,1,0,0.49394136892,-2.56728782342
-55.0,36.5:2
1.0,0.5,0.5,1,-2.6399885994,0.574304830175
1,1,1,0,0.574304830175,-2.6399885994
-48.0,9.5:2
0.5,0.25,0.75,1,2.72336832401,-0.463647609001
1.0,0.5,0.5,1.0,-0.463647609001,2.72336832401
-40.0,45.5:2
1.0,0.5,0.5,1,-2.64765128467,0.574304830175
1,1,1,0,0.574304830175,-2.64765128467
-46.5,42.0:2
1.0,0.5,0.5,1,-2.56728782342,0.49394136892
1,1,1,0,0.49394136892,-2.56728782342
-31.5,51.0:2
1.0,0.5,0.5,1,-2.56728782342,0.49394136892
1,1,1,0,0.49394136892,-2.56728782342
-40.0,45.5:2
1.0,0.5,0.5,1,-2.64765128467,0.574304830175
1,1,1,0,0.574304830175,-2.64765128467
-32.0,1.5:2
0.5,0.25,0.75,1,2.67794504459,-0.432407775571
1.0,0.5,0.5,1.0,-0.432407775571,2.67794504459
-16.5,60.0:2
1.0,0.5,0.5,1,-2.56728782342,0.49394136892
1,1,1,0,0.49394136892,-2.56728782342
-25.0,54.5:2
1.0,0.5,0.5,1,-2.64765128467,0.574304830175
1,1,1,0,0.574304830175,-2.64765128467
-19.0,-4.5:2
0.5,0.25,0.75,1,2.70918487802,-0.432407775571
1.0,0.5,0.5,1.0,-0.432407775571,2.70918487802
-25.0,54.5:2
1.0,0.5,0.5,1,-2.64765128467,0.574304830175
1,1,1,0,0.574304830175,-2.64765128467
-31.5,51.0:2
1.0,0.5,0.5,1,-2.56728782342,0.49394136892
1,1,1,0,0.49394136892,-2.56728782342
-32.0,1.5:2
0.5,0.25,0.75,1,2.67794504459,-0.432407775571
1.0,0.5,0.5,1.0,-0.432407775571,2.67794504459
-6.0,-10.5:2
0.5,0.25,0.75,1,2.70918487802,-0.380506377112
1.0,0.5,0.5,1.0,-0.380506377112,2.70918487802
-10.0,63.5:2
1.0,0.5,0.5,1,-2.64765128467,0.566729217524
1,1,1,0,0.566729217524,-2.64765128467
-16.5,60.0:2
1.0,0.5,0.5,1,-2.56728782342,0.49394136892
1,1,1,0,0.49394136892,-2.56728782342
-16.5,60.0:2
1.0,0.5,0.5,1,-2.56728782342,0.49394136892
1,1,1,0,0.49394136892,-2.56728782342
-19.0,-4.5:2
0.5,0.25,0.75,1,2.70918487802,-0.432407775571
1.0,0.5,0.5,1.0,-0.432407775571,2.70918487802
-6.0,-10.5:2
0.5,0.25,0.75,1,2.70918487802,-0.380506377112
1.0,0.5,0.5,1.0,-0.380506377112,2.70918487802
-4.5,67.0:2
1.0,0.5,0.5,1,-2.57486343607,0.49394136892
1,1,1,0,0.49394136892,-2.57486343607
-10.0,63.5:2
1.0,0.5,0.5,1,-2.64765128467,0.566729217524
1,1,1,0,0.566729217524,-2.64765128467
4.0,-14.5:2
0.5,0.25,0.75,1,2.76108627648,-0.446105548943
1.0,0.5,0.5,1.0,-0.446105548943,2.76108627648
4.0,-14.5:2
0.5,0.25,0.75,1,2.76108627648,-0.446105548943
1.0,0.5,0.5,1.0,-0.446105548943,2.76108627648
-6.0,-10.5:2
0.5,0.25,0.75,1,2.70918487802,-0.380506377112
1.0,0.5,0.5,1.0,-0.380506377112,2.70918487802
0.5,-43.0:2
0.5,0.25,0.75,1,0.566729217524,-2.6344941492
0.5,0.5,1.0,1,-2.6344941492,0.566729217524
36.0,-21.5:2
1.0,0.5,0.5,1,0.49394136892,-2.56728782342
1,1,1,0,-2.56728782342,0.49394136892
4.0,-14.5:2
0.5,0.25,0.75,1,2.76108627648,-0.446105548943
1.0,0.5,0.5,1.0,-0.446105548943,2.76108627648
27.0,-25.5:2
0.5,0.25,0.75,1,2.69548710465,-0.380506377112
1.0,0.5,0.5,1.0,-0.380506377112,2.69548710465
42.5,-18.0:2
1.0,0.5,0.5,1,0.528074448426,-2.64765128467
1,1,1,0,-2.64765128467,0.528074448426
4.0,-14.5:2
0.5,0.25,0.75,1,2.76108627648,-0.446105548943
1.0,0.5,0.5,1.0,-0.446105548943,2.76108627648
36.0,-21.5:2
1.0,0.5,0.5,1,0.49394136892,-2.56728782342
1,1,1,0,-2.56728782342,0.49394136892
4.0,-14.5:2
0.5,0.25,0.75,1,2.76108627648,-0.446105548943
1.0,0.5,0.5,1.0,-0.446105548943,2.76108627648
54.5,-11.0:2
1.0,0.5,0.5,1,0.528074448426,-2.61351820516
1,1,1,0,-2.61351820516,0.528074448426
2.0,70.5:2
1.0,0.5,0.5,1,-2.64765128467,0.540419500271
1,1,1,0,0.540419500271,-2.64765128467
54.5,-11.0:2
1.0,0.5,0.5,1,0.528074448426,-2.61351820516
1,1,1,0,-2.61351820516,0.528074448426
66.5,-4.0:2
1.0,0.5,0.5,1,0.574304830175,-2.61351820516
1,1,1,0,-2.61351820516,0.574304830175
17.0,79.5:2
1.0,0.5,0.5,1,-2.60117315332,-0.00719412049029
1,1,1,0,-0.00719412049029,-2.60117315332
54.5,-11.0:2
1.0,0.5,0.5,1,0.528074448426,-2.61351820516
1,1,1,0,-2.61351820516,0.528074448426
4.0,-14.5:2
0.5,0.25,0.75,1,2.76108627648,-0.446105548943
1.0,0.5,0.5,1.0,-0.446105548943,2.76108627648
42.5,-18.0:2
1.0,0.5,0.5,1,0.528074448426,-2.64765128467
1,1,1,0,-2.64765128467,0.528074448426
17.0,79.5:2
1.0,0.5,0.5,1,-2.60117315332,-0.00719412049029
1,1,1,0,-0.00719412049029,-2.60117315332
66.5,-4.0:2
1.0,0.5,0.5,1,0.574304830175,-2.61351820516
1,1,1,0,-2.61351820516,0.574304830175
75.0,1.5:2
1.0,0.5,0.5,1,0.588002603548,-2.56728782342
1,1,1,0,-2.56728782342,0.588002603548
-4.5,67.0:2
1.0,0.5,0.5,1,-2.57486343607,0.49394136892
1,1,1,0,0.49394136892,-2.57486343607
4.0,-14.5:2
0.5,0.25,0.75,1,2.76108627648,-0.446105548943
1.0,0.5,0.5,1.0,-0.446105548943,2.76108627648
2.0,70.5:2
1.0,0.5,0.5,1,-2.64765128467,0.540419500271
1,1,1,0,0.540419500271,-2.64765128467
2.0,70.5:2
1.0,0.5,0.5,1,-2.64765128467,0.540419500271
1,1,1,0,0.540419500271,-2.64765128467
54.5,-11.0:2
1.0,0.5,0.5,1,0.528074448426,-2.61351820516
1,1,1,0,-2.61351820516,0.528074448426
17.0,79.5:2
1.0,0.5,0.5,1,-2.60117315332,-0.00719412049029
1,1,1,0,-0.00719412049029,-2.60117315332
78.0,3.5:2
1.0,0.5,0.5,1,0.588002603548,-2.55359005004
1,1,1,0,-2.55359005004,0.588002603548
81.0,5.5:2
1.0,0.5,0.5,1,0.588002603548,-2.55359005004
1,1,1,0,-2.55359005004,0.588002603548
86.5,79.0:2
1.0,0.5,0.5,1,3.1343985331,-1.60574712333
1,1,1,0,-1.60574712333,3.1343985331
84.0,7.5:2
1.0,0.5,0.5,1,1.53584553026,-2.55359005004
1,1,1,0,-2.55359005004,1.53584553026
86.5,79.0:2
1.0,0.5,0.5,1,3.1343985331,-1.60574712333
1,1,1,0,-1.60574712333,3.1343985331
81.0,5.5:2
1.0,0.5,0.5,1,0.588002603548,-2.55359005004
1,1,1,0,-2.55359005004,0.588002603548
78.0,3.5:2
1.0,0.5,0.5,1,0.588002603548,-2.55359005004
1,1,1,0,-2.55359005004,0.588002603548
86.5,79.0:2
1.0,0.5,0.5,1,3.1343985331,-1.60574712333
1,1,1,0,-1.60574712333,3.1343985331
17.0,79.5:2
1.0,0.5,0.5,1,-2.60117315332,-0.00719412049029
1,1,1,0,-0.00719412049029,-2.60117315332
78.0,3.5:2
1.0,0.5,0.5,1,0.588002603548,-2.55359005004
1,1,1,0,-2.55359005004,0.588002603548
17.0,79.5:2
1.0,0.5,0.5,1,-2.60117315332,-0.00719412049029
1,1,1,0,-0.00719412049029,-2.60117315332
75.0,1.5:2
1.0,0.5,0.5,1,0.588002603548,-2.56728782342
1,1,1,0,-2.56728782342,0.588002603548
4.0,-14.5:2
0.5,0.25,0.75,1,2.76108627648,-0.446105548943
1.0,0.5,0.5,1.0,-0.446105548943,2.76108627648
-10.0,63.5:2
1.0,0.5,0.5,1,-2.64765128467,0.566729217524
1,1,1,0,0.566729217524,-2.64765128467
-6.0,-10.5:2
0.5,0.25,0.75,1,2.70918487802,-0.380506377112
1.0,0.5,0.5,1.0,-0.380506377112,2.70918487802
-19.0,-4.5:2
0.5,0.25,0.75,1,2.70918487802,-0.432407775571
1.0,0.5,0.5,1.0,-0.432407775571,2.70918487802
-8.5,-48.0:2
0.5,0.25,0.75,1,0.507098504392,-2.6399885994
0.5,0.5,1.0,1,-2.6399885994,0.507098504392
-6.0,-10.5:2
0.5,0.25,0.75,1,2.70918487802,-0.380506377112
1.0,0.5,0.5,1.0,-0.380506377112,2.70918487802
-147.0,-48.5:2
0.5,0.25,0.75,1,-0.432407775571,2.67475016728
1.0,0.5,0.5,1.0,2.67475016728,-0.432407775571
-164.0,-25.5:2
0.5,0.25,0.75,1,-2.62920319328,0.643501108793
0.5,0.5,1.0,1,0.643501108793,-2.62920319328
-177.532114393,-33.111814346:6
1.0,0.5,0.5,1.0,-2.62920319328,-0.466842486309
1.0,0.5,0.5,1.0,-0.466842486309,-0.466842486309
0.5,0.25,0.75,1,-0.466842486309,0.512389460311
0.5,0.5,1.0,1,0.512389460311,0.512389460311
0.5,0.5,1.0,1,0.512389460311,2.67475016728
1,1,1,0,2.67475016728,-2.62920319328
-91.0,-74.5:2
0.5,0.25,0.75,1,-0.446105548943,2.72336832401
1.0,0.5,0.5,1.0,2.72336832401,-0.446105548943
-76.0,-85.5:2
1.0,0.5,0.5,1,0.453338695855,-2.62920319328
1,1,1,0,-2.62920319328,0.453338695855
-72.0369515012,-83.5692840647:6
1,1,1,0,-2.68825395774,-0.446105548943
0.5,0.5,1.0,1,-0.446105548943,0.453338695855
0.5,0.25,0.75,1,0.453338695855,0.453338695855
0.5,0.25,0.75,1,0.453338695855,2.69548710465
1.0,0.5,0.5,1.0,2.69548710465,2.69548710465
1.0,0.5,0.5,1.0,2.69548710465,-2.68825395774
-164.0,-25.5:2
0.5,0.25,0.75,1,-2.62920319328,0.643501108793
0.5,0.5,1.0,1,0.643501108793,-2.62920319328
-209.5,-17.0:2
0.5,0.5,1.0,1,-0.466842486309,2.64765128467
1,1,1,0,2.64765128467,-0.466842486309
-177.532114393,-33.111814346:6
1.0,0.5,0.5,1.0,-2.62920319328,-0.466842486309
1.0,0.5,0.5,1.0,-0.466842486309,-0.466842486309
0.5,0.25,0.75,1,-0.466842486309,0.512389460311
0.5,0.5,1.0,1,0.512389460311,0.512389460311
0.5,0.5,1.0,1,0.512389460311,2.67475016728
1,1,1,0,2.67475016728,-2.62920319328
65
0,1,0,0.5
-58.6446609407,90.6446609407
-129.355339059,90.6446609407
-129.355339059,161.355339059
-58.6446609407,161.355339059
-58.6446609407,90.6446609407
-59.6446609407,90.6446609407
-130.355339059,90.6446609407
-129.355339059,90.6446609407
-129.355339059,90.6446609407
-130.355339059,90.6446609407
-130.355339059,161.355339059
-129.355339059,161.355339059
-129.355339059,161.355339059
-130.355339059,161.355339059
-59.6446609407,161.355339059
-58.6446609407,161.355339059
-58.6446609407,161.355339059
-59.6446609407,161.355339059
-59.6446609407,90.6446609407
-58.6446609407,90.6446609407
-59.6446609407,90.6446609407
-59.6446609407,52.6446609407
-130.355339059,52.6446609407
-130.355339059,90.6446609407
-130.355339059,90.6446609407
-130.355339059,52.6446609407
-130.355339059,123.355339059
-130.355339059,161.355339059
-130.355339059,161.355339059
-130.355339059,123.355339059
-59.6446609407,123.355339059
-59.6446609407,161.355339059
-59.6446609407,161.355339059
-59.6446609407,123.355339059
-59.6446609407,52.6446609407
-59.6446609407,90.6446609407
-59.6446609407,52.6446609407
-59.6446609407,21.6446609407
-130.355339059,21.6446609407
-130.355339059,52.6446609407
-130.355339059,52.6446609407
-130.355339059,21.6446609407
-130.355339059,92.3553390593
-130.355339059,123.355339059
-130.355339059,123.355339059
-130.355339059,92.3553390593
-59.6446609407,92.3553390593
-59.6446609407,123.355339059
-59.6446609407,123.355339059
-59.6446609407,92.3553390593
-59.6446609407,21.6446609407
-59.6446609407,52.6446609407
-59.6446609407,21.6446609407
-61.6446609407,-8.35533905933
-132.355339059,-8.35533905933
-130.355339059,21.6446609407
-130.355339059,21.6446609407
-132.355339059,-8.35533905933
-132.355339059,62.3553390593
-130.355339059,92.3553390593
-130.355339059,92.3553390593
-132.355339059,62.3553390593
-61.6446609407,62.3553390593
-59.6446609407,92.3553390593
-59.6446609407,92.3553390593
-61.6446609407,62.3553390593
-61.6446609407,-8.35533905933
-59.6446609407,21.6446609407
-61.6446609407,-8.35533905933
-60.6446609407,-33.3553390593
-131.355339059,-33.3553390593
-132.355339059,-8.35533905933
-132.355339059,-8.35533905933
-131.355339059,-33.3553390593
-131.355339059,37.3553390593
-132.355339059,62.3553390593
-132.355339059,62.3553390593
-131.355339059,37.3553390593
-60.6446609407,37.3553390593
-61.6446609407,62.3553390593
-61.6446609407,62.3553390593
-60.6446609407,37.3553390593
-60.6446609407,-33.3553390593
-61.6446609407,-8.35533905933
-60.6446609407,-33.3553390593
-60.6446609407,-57.3553390593
-131.355339059,-57.3553390593
-131.355339059,-33.3553390593
-131.355339059,-33.3553390593
-131.355339059,-57.3553390593
-131.355339059,13.3553390593
-131.355339059,37.3553390593
-131.355339059,37.3553390593
-131.355339059,13.3553390593
-60.6446609407,13.3553390593
-60.6446609407,37.3553390593
-60.6446609407,37.3553390593
-60.6446609407,13.3553390593
-60.6446609407,-57.3553390593
-60.6446609407,-33.3553390593
-60.6446609407,-57.3553390593
-59.6446609407,-86.3553390593
-130.355339059,-86.3553390593
-131.355339059,-57.3553390593
-131.355339059,-57.3553390593
-130.355339059,-86.3553390593
-130.355339059,-15.6446609407
-131.355339059,13.3553390593
-131.355339059,13.3553390593
-130.355339059,-15.6446609407
-59.6446609407,-15.6446609407
-60.6446609407,13.3553390593
-60.6446609407,13.3553390593
-59.6446609407,-15.6446609407
-59.6446609407,-86.3553390593
-60.6446609407,-57.3553390593
-59.6446609407,-86.3553390593
-57.6446609407,-113.355339059
-128.355339059,-113.355339059
-130.355339059,-86.3553390593
-130.355339059,-86.3553390593
-128.355339059,-113.355339059
-128.355339059,-42.6446609407
-130.355339059,-15.6446609407
-130.355339059,-15.6446609407
-128.355339059,-42.6446609407
-57.6446609407,-42.6446609407
-59.6446609407,-15.6446609407
-59.6446609407,-15.6446609407
-57.6446609407,-42.6446609407
-57.6446609407,-113.355339059
-59.6446609407,-86.3553390593
-57.6446609407,-113.355339059
-56.6446609407,-130.355339059
-127.355339059,-130.355339059
-128.355339059,-113.355339059
-128.355339059,-113.355339059
-127.355339059,-130.355339059
-127.355339059,-59.6446609407
-128.355339059,-42.6446609407
-128.355339059,-42.6446609407
-127.355339059,-59.6446609407
-56.6446609407,-59.6446609407
-57.6446609407,-42.6446609407
-57.6446609407,-42.6446609407
-56.6446609407,-59.6446609407
-56.6446609407,-130.355339059
-57.6446609407,-113.355339059
-56.6446609407,-130.355339059
-54.6446609407,-144.355339059
-125.355339059,-144.355339059
-127.355339059,-130.355339059
-127.355339059,-130.355339059
-125.355339059,-144.355339059
-125.355339059,-73.6446609407
-127.355339059,-59.6446609407
-127.355339059,-59.6446609407
-125.355339059,-73.6446609407
-54.6446609407,-73.6446609407
-56.6446609407,-59.6446609407
-56.6446609407,-59.6446609407
-54.6446609407,-73.6446609407
-54.6446609407,-144.355339059
-56.6446609407,-130.355339059
-54.6446609407,-144.355339059
-54.6446609407,-151.355339059
-125.355339059,-151.355339059
-125.355339059,-144.355339059
-125.355339059,-144.355339059
-125.355339059,-151.355339059
-125.355339059,-80.6446609407
-125.355339059,-73.6446609407
-125.355339059,-73.6446609407
-125.355339059,-80.6446609407
-54.6446609407,-80.6446609407
-54.6446609407,-73.6446609407
-54.6446609407,-73.6446609407
-54.6446609407,-80.6446609407
-54.6446609407,-151.355339059
-54.6446609407,-144.355339059
-54.6446609407,-151.355339059
-54.6446609407,-160.355339059
-125.355339059,-160.355339059
-125.355339059,-151.355339059
-125.355339059,-151.355339059
-125.355339059,-160.355339059
-125.355339059,-89.6446609407
-125.355339059,-80.6446609407
-125.355339059,-80.6446609407
-125.355339059,-89.6446609407
-54.6446609407,-89.6446609407
-54.6446609407,-80.6446609407
-54.6446609407,-80.6446609407
-54.6446609407,-89.6446609407
-54.6446609407,-160.355339059
-54.6446609407,-151.355339059
-54.6446609407,-160.355339059
-54.6446609407,-169.355339059
-125.355339059,-169.355339059
-125.355339059,-160.355339059
-125.355339059,-160.355339059
-125.355339059,-169.355339059
-125.355339059,-98.6446609407
-125.355339059,-89.6446609407
-125.355339059,-89.6446609407
-125.355339059,-98.6446609407
-54.6446609407,-98.6446609407
-54.6446609407,-89.6446609407
-54.6446609407,-89.6446609407
-54.6446609407,-98.6446609407
-54.6446609407,-169.355339059
-54.6446609407,-160.355339059
-54.6446609407,-169.355339059
-54.6446609407,-174.355339059
-125.355339059,-174.355339059
-125.355339059,-169.355339059
-125.355339059,-169.355339059
-125.355339059,-174.355339059
-125.355339059,-103.644660941
-125.355339059,-98.6446609407
-125.355339059,-98.6446609407
-125.355339059,-103.644660941
-54.6446609407,-103.644660941
-54.6446609407,-98.6446609407
-54.6446609407,-98.6446609407
-54.6446609407,-103.644660941
-54.6446609407,-174.355339059
-54.6446609407,-169.355339059
-54.6446609407,-174.355339059
-53.6446609407,-181.355339059
-124.355339059,-181.355339059
-125.355339059,-174.355339059
-125.355339059,-174.355339059
-124.355339059,-181.355339059
-124.355339059,-110.644660941
-125.355339059,-103.644660941
-125.355339059,-103.644660941
-124.355339059,-110.644660941
-53.6446609407,-110.644660941
-54.6446609407,-103.644660941
-54.6446609407,-103.644660941
-53.6446609407,-110.644660941
-53.6446609407,-181.355339059
-54.6446609407,-174.355339059
-53.6446609407,-181.355339059
-52.6446609407,-188.355339059
-123.355339059,-188.355339059
-124.355339059,-181.355339059
-124.355339059,-181.355339059
-123.355339059,-188.355339059
-123.355339059,-117.644660941
-124.355339059,-110.644660941
-124.355339059,-110.644660941
-123.355339059,-117.644660941
-52.6446609407,-117.644660941
-53.6446609407,-110.644660941
-53.6446609407,-110.644660941
-52.6446609407,-117.644660941
-52.6446609407,-188.355339059
-53.6446609407,-181.355339059
