113
-640,-480:0:1
1,1,1,1,1,0,1,0
639,-480:1:1
1,1,1,1,1,0,1,0
639,479:2:1
1,1,1,1,1,0,1,0
-640,479:3:1
1,1,1,1,1,0,1,0
212.992187382,183.291139241:4:1
0.5,0.5,1.0,1,-0.996476572218,0.0838715745662,-0.996476572218,0.0838715745662
226.0,179.744857565:5:1
0.5,0.5,1.0,1,-0.964788360591,0.263027411628,-0.964788360591,0.263027411628
236.996093691,173.164556962:6:1
0.5,0.5,1.0,1,-0.858089859402,0.513499555201,-0.858089859402,0.513499555201
246.664062434,163.037974684:7:1
0.5,0.5,1.0,1,-0.69053874199,0.723295407016,-0.69053874199,0.723295407016
252.498046846,152.911392405:8:1
0.5,0.5,1.0,1,-0.499191144553,0.866491893326,-0.499191144553,0.866491893326
254.664062434,145.82278481:9:1
0.5,0.5,1.0,1,-0.29222497142,0.956349604527,-0.29222497142,0.956349604527
256.498046846,132.658227848:10:1
0.5,0.5,1.0,1,-0.1379797622,0.990435048463,-0.1379797622,0.990435048463
255.0,121.522943098:11:1
0.5,0.5,1.0,1,0.133330380664,0.991071647053,0.133330380664,0.991071647053
251.0,110.383702591:12:1
0.5,0.5,1.0,1,0.33796192243,0.941159783983,0.33796192243,0.941159783983
244.0,99.5806962689:13:1
0.5,0.5,1.0,1,0.543788857916,0.839222067159,0.543788857916,0.839222067159
233.0,90.4667722183:14:1
0.5,0.5,1.0,1,0.770033998967,0.638002852999,0.770033998967,0.638002852999
225.0,86.4161393069:15:1
0.5,0.5,1.0,1,0.892157158155,0.45172514337,0.892157158155,0.45172514337
219.0,84.3908228512:16:1
0.5,0.5,1.0,1,0.947477136891,0.319823506123,0.947477136891,0.319823506123
193.0,79.327531712:17:1
0.5,0.5,1.0,1,0.981560633236,0.191151048342,0.981560633236,0.191151048342
158.0,70.3817247134:18:1
0.5,0.5,1.0,1,0.96885373724,0.247633672663,0.96885373724,0.247633672663
110.0,56.0363924714:19:1
0.5,0.5,1.0,1,0.958126098078,0.28634660847,0.958126098078,0.28634660847
42.0,36.7958861423:20:1
0.5,0.5,1.0,1,0.962223754898,0.272259885973,0.962223754898,0.272259885973
-44.0,2.3655063955:21:1
0.5,0.5,1.0,1,0.928363562639,0.371673372149,0.928363562639,0.371673372149
-110.0,-30.7146624075:22:1
0.5,0.5,1.0,1,0.893992403653,0.448082115476,0.893992403653,0.448082115476
-181.0,-72.4030854132:23:1
0.5,0.5,1.0,1,0.862338838639,0.506331637739,0.862338838639,0.506331637739
-230.0,-108.350474624:24:1
0.5,0.5,1.0,1,0.806294684875,0.59151405828,0.806294684875,0.59151405828
-265.0,-138.393987275:25:1
0.5,0.5,1.0,1,0.758790285585,0.651335015566,0.758790285585,0.651335015566
-282.0,-156.958069561:26:1
0.5,0.5,1.0,1,0.675355929874,0.737491944352,0.675355929874,0.737491944352
-304.0,-183.963607529:27:1
0.5,0.5,1.0,1,0.631595091966,0.775298419839,0.631595091966,0.775298419839
-316.0,-192.064873351:28:1
0.5,0.5,1.0,1,0.828808130388,0.55953291503,0.828808130388,0.55953291503
-325.0,-195.102848035:29:1
0.5,0.5,1.0,1,0.947477136891,0.319823506123,0.947477136891,0.319823506123
-338.0,-196.960047439:30:1
0.5,0.5,1.0,1,0.989948890811,0.141425576127,0.989948890811,0.141425576127
-349.0,-195.439082219:31:1
0.5,0.5,1.0,1,0.990575684268,-0.136966469387,0.990575684268,-0.136966469387
-359.996093691,-191.392405063:32:1
0.5,0.5,1.0,1,0.938468061605,-0.345366033865,0.938468061605,-0.345366033865
-370.0,-184.808148704:33:1
0.5,0.5,1.0,1,0.835312054185,-0.549776110915,0.835312054185,-0.549776110915
-379.664062434,-173.164556962:34:1
0.5,0.5,1.0,1,0.638664778096,-0.769485088367,0.638664778096,-0.769485088367
-384.0,-164.55300624:35:1
0.5,0.5,1.0,1,0.449714534292,-0.893172344873,0.449714534292,-0.893172344873
-386.996093691,-152.911392405:36:1
0.5,0.5,1.0,1,0.249238903065,-0.968442031925,0.249238903065,-0.968442031925
-387.0,-139.754746955:37:1
0.5,0.5,1.0,1,0.000296907654048,-0.999999955923,0.000296907654048,-0.999999955923
-382.996093691,-125.569620253:38:1
0.5,0.5,1.0,1,-0.271647009413,-0.962396956706,-0.271647009413,-0.962396956706
-376.0,-113.421677275:39:1
0.5,0.5,1.0,1,-0.499062134509,-0.866566203991,-0.499062134509,-0.866566203991
-357.0,-89.1178798065:40:1
0.5,0.5,1.0,1,-0.615898814807,-0.787825266109,-0.615898814807,-0.787825266109
-322.0,-54.0110760158:41:1
0.5,0.5,1.0,1,-0.706028724288,-0.708183196977,-0.706028724288,-0.708183196977
-277.0,-17.2191456293:42:1
0.5,0.5,1.0,1,-0.774178594756,-0.632967221444,-0.774178594756,-0.632967221444
-224.0,19.9129746172:43:1
0.5,0.5,1.0,1,-0.818998669211,-0.573795416355,-0.818998669211,-0.573795416355
-145.0,65.3144778183:44:1
0.5,0.5,1.0,1,-0.867017716428,-0.498277311745,-0.867017716428,-0.498277311745
-70.0,100.925632845:45:1
0.5,0.5,1.0,1,-0.903342121869,-0.428920751254,-0.903342121869,-0.428920751254
7.0,131.30537968:46:1
0.5,0.5,1.0,1,-0.930217054463,-0.367009852164,-0.930217054463,-0.367009852164
18.0,135.356012592:47:1
0.5,0.5,1.0,1,-0.938398414714,-0.345555227513,-0.938398414714,-0.345555227513
96.0,156.621835377:48:1
0.5,0.5,1.0,1,-0.964785496912,-0.263037915419,-0.964785496912,-0.263037915419
112.0,161.685126516:49:1
0.5,0.5,1.0,1,-0.953400096932,-0.301708891434,-0.953400096932,-0.301708891434
122.0,164.723101199:50:1
0.5,0.5,1.0,1,-0.956820439927,-0.290679627319,-0.956820439927,-0.290679627319
138.0,169.786392339:51:1
0.5,0.5,1.0,1,-0.953400096932,-0.301708891434,-0.953400096932,-0.301708891434
176.0,178.900316389:52:1
0.5,0.5,1.0,1,-0.972422574669,-0.233225933965,-0.972422574669,-0.233225933965
207.0,183.795490477:53:1
0.5,0.5,1.0,1,-0.987760818947,-0.155976166621,-0.987760818947,-0.155976166621
217.007812378,233.924050633:54:1
1.0,1.0,1.0,1,-0.999783557005,0.0208047865137,-0.999783557005,0.0208047865137
236.0,229.877373358:55:1
1.0,1.0,1.0,1,-0.978045233615,0.208392708611,-0.978045233615,0.208392708611
251.003906191,223.797468354:56:1
1.0,1.0,1.0,1,-0.926798609655,0.375558699993,-0.926798609655,0.375558699993
261.007812378,217.721518987:57:1
1.0,1.0,1.0,1,-0.85470604784,0.519112292078,-0.85470604784,0.519112292078
274.0,207.598892345:58:1
1.0,1.0,1.0,1,-0.788834316164,0.614605907588,-0.788834316164,0.614605907588
286.0,194.434335383:59:1
1.0,1.0,1.0,1,-0.67366255016,0.739039084563,-0.67366255016,0.739039084563
295.498031466,179.240506329:60:1
1.0,1.0,1.0,1,-0.530074719907,0.847950936856,-0.530074719907,0.847950936856
302.665789327,161.012658228:61:1
1.0,1.0,1.0,1,-0.365953888376,0.930632984362,-0.365953888376,0.930632984362
305.665789327,143.797468354:62:1
1.0,1.0,1.0,1,-0.171677435364,0.98515321559,-0.171677435364,0.98515321559
306.328947328,126.582278481:63:1
1.0,1.0,1.0,1,-0.0384931282465,0.999258864898,-0.0384931282465,0.999258864898
302.498031466,105.316455696:64:1
1.0,1.0,1.0,1,0.177290513593,0.984158561305,0.177290513593,0.984158561305
297.0,90.1226266424:65:1
1.0,1.0,1.0,1,0.340266944199,0.940328882193,0.340266944199,0.940328882193
290.003906191,77.9746835443:66:1
1.0,1.0,1.0,1,0.49906213715,0.86656620247,0.49906213715,0.86656620247
282.0,66.8314874019:67:1
1.0,1.0,1.0,1,0.583382936139,0.812197235788,0.583382936139,0.812197235788
268.328947328,53.6708860759:68:1
1.0,1.0,1.0,1,0.720428580326,0.69352913468,0.720428580326,0.69352913468
255.0,44.895403213:69:1
1.0,1.0,1.0,1,0.835231782511,0.549898053719,0.835231782511,0.549898053719
238.0,37.1352432117:70:1
1.0,1.0,1.0,1,0.909702347917,0.415260927845,0.909702347917,0.415260927845
219.0,32.7435044788:71:1
1.0,1.0,1.0,1,0.974311100286,0.225206305107,0.974311100286,0.225206305107
192.0,27.0086609332:72:1
1.0,1.0,1.0,1,0.978178414041,0.207766672748,0.978178414041,0.207766672748
170.0,20.9327115662:73:1
1.0,1.0,1.0,1,0.963914134031,0.266213339663,0.963914134031,0.266213339663
122.0,6.75549637628:74:1
1.0,1.0,1.0,1,0.959042695168,0.283261555535,0.959042695168,0.283261555535
58.0,-11.472351725:75:1
1.0,1.0,1.0,1,0.961753311401,0.273917082361,0.961753311401,0.273917082361
-22.0,-43.2058626098:76:1
1.0,1.0,1.0,1,0.92954057988,0.368719826368,0.92954057988,0.368719826368
-88.0,-76.2824783073:77:1
1.0,1.0,1.0,1,0.894011682461,0.448043649239,0.894011682461,0.448043649239
-153.0,-114.434335383:78:1
1.0,1.0,1.0,1,0.862417619001,0.506197442148,0.862417619001,0.506197442148
-199.996093809,-148.860759494:79:1
1.0,1.0,1.0,1,0.806710858895,0.590946351323,0.806710858895,0.590946351323
-232.671052672,-177.215189873:80:1
1.0,1.0,1.0,1,0.755275571575,0.655407362624,0.755275571575,0.655407362624
-244.334210673,-190.379746835:81:1
1.0,1.0,1.0,1,0.663134707002,0.748500073727,0.663134707002,0.748500073727
-267.671052672,-218.734177215:82:1
1.0,1.0,1.0,1,0.635482243231,0.772115482644,0.635482243231,0.772115482644
-282.503968434,-230.886075949:83:1
1.0,1.0,1.0,1,0.773551344103,0.633733633348,0.773551344103,0.633733633348
-301.0,-240.504335662:84:1
1.0,1.0,1.0,1,0.887210453482,0.461364943653,0.887210453482,0.461364943653
-311.0,-243.712191724:85:1
1.0,1.0,1.0,1,0.952206761922,0.305454223331,0.952206761922,0.305454223331
-324.0,-246.580285029:86:1
1.0,1.0,1.0,1,0.976516721804,0.215441620947,0.976516721804,0.215441620947
-339.0,-247.592943257:87:1
1.0,1.0,1.0,1,0.997728923099,0.0673572268759,0.997728923099,0.0673572268759
-359.0,-245.067246775:88:1
1.0,1.0,1.0,1,0.992120196816,-0.125289724518,0.992120196816,-0.125289724518
-374.0,-240.504335662:89:1
1.0,1.0,1.0,1,0.956714844255,-0.291026986347,0.956714844255,-0.291026986347
-392.0,-230.890031585:90:1
1.0,1.0,1.0,1,0.882061721014,-0.471133866669,0.882061721014,-0.471133866669
-403.0,-222.788765763:91:1
1.0,1.0,1.0,1,0.805195550172,-0.593009381024,0.805195550172,-0.593009381024
-416.328947328,-208.607594937:92:1
1.0,1.0,1.0,1,0.684873092882,-0.728662368073,0.684873092882,-0.728662368073
-426.498031466,-192.405063291:93:1
1.0,1.0,1.0,1,0.531595707714,-0.846998231132,0.531595707714,-0.846998231132
-433.328947328,-175.189873418:94:1
1.0,1.0,1.0,1,0.368821791072,-0.929500127182,0.368821791072,-0.929500127182
-435.665789327,-164.050632911:95:1
1.0,1.0,1.0,1,0.205315397382,-0.978695860622,0.205315397382,-0.978695860622
-437.498031466,-148.860759494:96:1
1.0,1.0,1.0,1,0.119754550414,-0.992803529232,0.119754550414,-0.992803529232
-436.003906191,-129.620253165:97:1
1.0,1.0,1.0,1,-0.0774221057159,-0.996998403984,-0.0774221057159,-0.996998403984
-431.0,-110.375791199:98:1
1.0,1.0,1.0,1,-0.251650154281,-0.967818267988,-0.251650154281,-0.967818267988
-420.003906191,-89.1139240506:99:1
1.0,1.0,1.0,1,-0.4593759957,-0.888241912192,-0.4593759957,-0.888241912192
-412.003906191,-77.9746835443:100:1
1.0,1.0,1.0,1,-0.583331710633,-0.812234027464,-0.583331710633,-0.812234027464
-393.0,-53.6669304399:101:1
1.0,1.0,1.0,1,-0.615915184725,-0.78781246831,-0.615915184725,-0.78781246831
-356.0,-16.7108542115:102:1
1.0,1.0,1.0,1,-0.707526619146,-0.706686693804,-0.707526619146,-0.706686693804
-308.0,22.6115922313:103:1
1.0,1.0,1.0,1,-0.773564448515,-0.633717637433,-0.773564448515,-0.633717637433
-250.0,63.2891457885:104:1
1.0,1.0,1.0,1,-0.818717287578,-0.574196832994,-0.818717287578,-0.574196832994
-167.0,110.712858054:105:1
1.0,1.0,1.0,1,-0.868265038064,-0.496100618499,-0.868265038064,-0.496100618499
-92.0,146.49700185:106:1
1.0,1.0,1.0,1,-0.902533940814,-0.430618724254,-0.902533940814,-0.430618724254
-41.0,166.750166407:107:1
1.0,1.0,1.0,1,-0.929396532247,-0.369082762868,-0.929396532247,-0.369082762868
3.0,183.965356281:108:1
1.0,1.0,1.0,1,-0.931258589969,-0.36435894199,-0.931258589969,-0.36435894199
91.0,208.269153749:109:1
1.0,1.0,1.0,1,-0.963914134031,-0.266213339663,-0.963914134031,-0.266213339663
125.0,218.395736028:110:1
1.0,1.0,1.0,1,-0.958393991458,-0.285448694403,-0.958393991458,-0.285448694403
165.0,228.522318306:111:1
1.0,1.0,1.0,1,-0.969416374533,-0.24542186697,-0.969416374533,-0.24542186697
201.0,234.257161852:112:1
1.0,1.0,1.0,1,-0.987548060871,-0.157317600634,-0.987548060871,-0.157317600634
117
7,8
54,55
92,93
94,95
40,41
51,50
18,19
86,87
80,81
43,42
44,45
7,6
11,12
61,62
27,28
0,1
3,2
29,30
82,81
105,106
14,15
17,18
55,56
33,34
72,73
99,100
102,103
101,102
53,4
85,84
83,84
34,35
67,68
99,98
69,70
23,22
2,1
87,88
47,46
65,66
53,52
58,59
12,13
68,69
103,104
10,9
16,17
37,38
77,76
73,74
66,67
100,101
1,0
23,24
38,39
71,72
54,112
49,50
57,58
59,60
57,56
74,75
3,0
9,8
78,77
96,95
31,30
26,25
32,33
107,106
93,94
75,76
39,40
86,85
97,98
110,109
41,42
2,3
108,107
90,91
79,78
43,44
6,5
45,46
47,48
97,96
110,111
13,14
79,80
37,36
10,11
105,104
0,3
31,32
1,2
24,25
83,82
70,71
108,109
63,64
89,90
4,5
16,15
91,92
60,61
28,29
62,63
52,51
65,64
19,20
35,36
48,49
26,27
21,22
88,89
20,21
112,111
220
-640,-480:0:1
1,1,1,1,1,0,1,0
-416.328947328,-208.607594937:92:1
1.0,1.0,1.0,1,0.684873092882,-0.728662368073,0.684873092882,-0.728662368073
-426.498031466,-192.405063291:93:1
1.0,1.0,1.0,1,0.531595707714,-0.846998231132,0.531595707714,-0.846998231132
-416.328947328,-208.607594937:92:1
1.0,1.0,1.0,1,0.684873092882,-0.728662368073,0.684873092882,-0.728662368073
-640,-480:0:1
1,1,1,1,1,0,1,0
-403.0,-222.788765763:91:1
1.0,1.0,1.0,1,0.805195550172,-0.593009381024,0.805195550172,-0.593009381024
-379.664062434,-173.164556962:34:1
0.5,0.5,1.0,1,0.638664778096,-0.769485088367,0.638664778096,-0.769485088367
-426.498031466,-192.405063291:93:1
1.0,1.0,1.0,1,0.531595707714,-0.846998231132,0.531595707714,-0.846998231132
-416.328947328,-208.607594937:92:1
1.0,1.0,1.0,1,0.684873092882,-0.728662368073,0.684873092882,-0.728662368073
-640,-480:0:1
1,1,1,1,1,0,1,0
-426.498031466,-192.405063291:93:1
1.0,1.0,1.0,1,0.531595707714,-0.846998231132,0.531595707714,-0.846998231132
-433.328947328,-175.189873418:94:1
1.0,1.0,1.0,1,0.368821791072,-0.929500127182,0.368821791072,-0.929500127182
-392.0,-230.890031585:90:1
1.0,1.0,1.0,1,0.882061721014,-0.471133866669,0.882061721014,-0.471133866669
-374.0,-240.504335662:89:1
1.0,1.0,1.0,1,0.956714844255,-0.291026986347,0.956714844255,-0.291026986347
-359.996093691,-191.392405063:32:1
0.5,0.5,1.0,1,0.938468061605,-0.345366033865,0.938468061605,-0.345366033865
-359.0,-245.067246775:88:1
1.0,1.0,1.0,1,0.992120196816,-0.125289724518,0.992120196816,-0.125289724518
-374.0,-240.504335662:89:1
1.0,1.0,1.0,1,0.956714844255,-0.291026986347,0.956714844255,-0.291026986347
-640,-480:0:1
1,1,1,1,1,0,1,0
-392.0,-230.890031585:90:1
1.0,1.0,1.0,1,0.882061721014,-0.471133866669,0.882061721014,-0.471133866669
-370.0,-184.808148704:33:1
0.5,0.5,1.0,1,0.835312054185,-0.549776110915,0.835312054185,-0.549776110915
-403.0,-222.788765763:91:1
1.0,1.0,1.0,1,0.805195550172,-0.593009381024,0.805195550172,-0.593009381024
-392.0,-230.890031585:90:1
1.0,1.0,1.0,1,0.882061721014,-0.471133866669,0.882061721014,-0.471133866669
-403.0,-222.788765763:91:1
1.0,1.0,1.0,1,0.805195550172,-0.593009381024,0.805195550172,-0.593009381024
-640,-480:0:1
1,1,1,1,1,0,1,0
-370.0,-184.808148704:33:1
0.5,0.5,1.0,1,0.835312054185,-0.549776110915,0.835312054185,-0.549776110915
-416.328947328,-208.607594937:92:1
1.0,1.0,1.0,1,0.684873092882,-0.728662368073,0.684873092882,-0.728662368073
-403.0,-222.788765763:91:1
1.0,1.0,1.0,1,0.805195550172,-0.593009381024,0.805195550172,-0.593009381024
-374.0,-240.504335662:89:1
1.0,1.0,1.0,1,0.956714844255,-0.291026986347,0.956714844255,-0.291026986347
-392.0,-230.890031585:90:1
1.0,1.0,1.0,1,0.882061721014,-0.471133866669,0.882061721014,-0.471133866669
-640,-480:0:1
1,1,1,1,1,0,1,0
-640,-480:0:1
1,1,1,1,1,0,1,0
-339.0,-247.592943257:87:1
1.0,1.0,1.0,1,0.997728923099,0.0673572268759,0.997728923099,0.0673572268759
-359.0,-245.067246775:88:1
1.0,1.0,1.0,1,0.992120196816,-0.125289724518,0.992120196816,-0.125289724518
-374.0,-240.504335662:89:1
1.0,1.0,1.0,1,0.956714844255,-0.291026986347,0.956714844255,-0.291026986347
-349.0,-195.439082219:31:1
0.5,0.5,1.0,1,0.990575684268,-0.136966469387,0.990575684268,-0.136966469387
-359.996093691,-191.392405063:32:1
0.5,0.5,1.0,1,0.938468061605,-0.345366033865,0.938468061605,-0.345366033865
-435.665789327,-164.050632911:95:1
1.0,1.0,1.0,1,0.205315397382,-0.978695860622,0.205315397382,-0.978695860622
-433.328947328,-175.189873418:94:1
1.0,1.0,1.0,1,0.368821791072,-0.929500127182,0.368821791072,-0.929500127182
-386.996093691,-152.911392405:36:1
0.5,0.5,1.0,1,0.249238903065,-0.968442031925,0.249238903065,-0.968442031925
-433.328947328,-175.189873418:94:1
1.0,1.0,1.0,1,0.368821791072,-0.929500127182,0.368821791072,-0.929500127182
-435.665789327,-164.050632911:95:1
1.0,1.0,1.0,1,0.205315397382,-0.978695860622,0.205315397382,-0.978695860622
-640,-480:0:1
1,1,1,1,1,0,1,0
-386.996093691,-152.911392405:36:1
0.5,0.5,1.0,1,0.249238903065,-0.968442031925,0.249238903065,-0.968442031925
-433.328947328,-175.189873418:94:1
1.0,1.0,1.0,1,0.368821791072,-0.929500127182,0.368821791072,-0.929500127182
-384.0,-164.55300624:35:1
0.5,0.5,1.0,1,0.449714534292,-0.893172344873,0.449714534292,-0.893172344873
-435.665789327,-164.050632911:95:1
1.0,1.0,1.0,1,0.205315397382,-0.978695860622,0.205315397382,-0.978695860622
-386.996093691,-152.911392405:36:1
0.5,0.5,1.0,1,0.249238903065,-0.968442031925,0.249238903065,-0.968442031925
-437.498031466,-148.860759494:96:1
1.0,1.0,1.0,1,0.119754550414,-0.992803529232,0.119754550414,-0.992803529232
-370.0,-184.808148704:33:1
0.5,0.5,1.0,1,0.835312054185,-0.549776110915,0.835312054185,-0.549776110915
-359.996093691,-191.392405063:32:1
0.5,0.5,1.0,1,0.938468061605,-0.345366033865,0.938468061605,-0.345366033865
-379.664062434,-173.164556962:34:1
0.5,0.5,1.0,1,0.638664778096,-0.769485088367,0.638664778096,-0.769485088367
-379.664062434,-173.164556962:34:1
0.5,0.5,1.0,1,0.638664778096,-0.769485088367,0.638664778096,-0.769485088367
-416.328947328,-208.607594937:92:1
1.0,1.0,1.0,1,0.684873092882,-0.728662368073,0.684873092882,-0.728662368073
-370.0,-184.808148704:33:1
0.5,0.5,1.0,1,0.835312054185,-0.549776110915,0.835312054185,-0.549776110915
-304.0,-183.963607529:27:1
0.5,0.5,1.0,1,0.631595091966,0.775298419839,0.631595091966,0.775298419839
-384.0,-164.55300624:35:1
0.5,0.5,1.0,1,0.449714534292,-0.893172344873,0.449714534292,-0.893172344873
-379.664062434,-173.164556962:34:1
0.5,0.5,1.0,1,0.638664778096,-0.769485088367,0.638664778096,-0.769485088367
-384.0,-164.55300624:35:1
0.5,0.5,1.0,1,0.449714534292,-0.893172344873,0.449714534292,-0.893172344873
-433.328947328,-175.189873418:94:1
1.0,1.0,1.0,1,0.368821791072,-0.929500127182,0.368821791072,-0.929500127182
-426.498031466,-192.405063291:93:1
1.0,1.0,1.0,1,0.531595707714,-0.846998231132,0.531595707714,-0.846998231132
-384.0,-164.55300624:35:1
0.5,0.5,1.0,1,0.449714534292,-0.893172344873,0.449714534292,-0.893172344873
-387.0,-139.754746955:37:1
0.5,0.5,1.0,1,0.000296907654048,-0.999999955923,0.000296907654048,-0.999999955923
-386.996093691,-152.911392405:36:1
0.5,0.5,1.0,1,0.249238903065,-0.968442031925,0.249238903065,-0.968442031925
-384.0,-164.55300624:35:1
0.5,0.5,1.0,1,0.449714534292,-0.893172344873,0.449714534292,-0.893172344873
-426.498031466,-192.405063291:93:1
1.0,1.0,1.0,1,0.531595707714,-0.846998231132,0.531595707714,-0.846998231132
-379.664062434,-173.164556962:34:1
0.5,0.5,1.0,1,0.638664778096,-0.769485088367,0.638664778096,-0.769485088367
-392.0,-230.890031585:90:1
1.0,1.0,1.0,1,0.882061721014,-0.471133866669,0.882061721014,-0.471133866669
-359.996093691,-191.392405063:32:1
0.5,0.5,1.0,1,0.938468061605,-0.345366033865,0.938468061605,-0.345366033865
-370.0,-184.808148704:33:1
0.5,0.5,1.0,1,0.835312054185,-0.549776110915,0.835312054185,-0.549776110915
-325.0,-195.102848035:29:1
0.5,0.5,1.0,1,0.947477136891,0.319823506123,0.947477136891,0.319823506123
-379.664062434,-173.164556962:34:1
0.5,0.5,1.0,1,0.638664778096,-0.769485088367,0.638664778096,-0.769485088367
-359.996093691,-191.392405063:32:1
0.5,0.5,1.0,1,0.938468061605,-0.345366033865,0.938468061605,-0.345366033865
-374.0,-240.504335662:89:1
1.0,1.0,1.0,1,0.956714844255,-0.291026986347,0.956714844255,-0.291026986347
-359.0,-245.067246775:88:1
1.0,1.0,1.0,1,0.992120196816,-0.125289724518,0.992120196816,-0.125289724518
-349.0,-195.439082219:31:1
0.5,0.5,1.0,1,0.990575684268,-0.136966469387,0.990575684268,-0.136966469387
-640,-480:0:1
1,1,1,1,1,0,1,0
-435.665789327,-164.050632911:95:1
1.0,1.0,1.0,1,0.205315397382,-0.978695860622,0.205315397382,-0.978695860622
-437.498031466,-148.860759494:96:1
1.0,1.0,1.0,1,0.119754550414,-0.992803529232,0.119754550414,-0.992803529232
-339.0,-247.592943257:87:1
1.0,1.0,1.0,1,0.997728923099,0.0673572268759,0.997728923099,0.0673572268759
-324.0,-246.580285029:86:1
1.0,1.0,1.0,1,0.976516721804,0.215441620947,0.976516721804,0.215441620947
-338.0,-196.960047439:30:1
0.5,0.5,1.0,1,0.989948890811,0.141425576127,0.989948890811,0.141425576127
-324.0,-246.580285029:86:1
1.0,1.0,1.0,1,0.976516721804,0.215441620947,0.976516721804,0.215441620947
-339.0,-247.592943257:87:1
1.0,1.0,1.0,1,0.997728923099,0.0673572268759,0.997728923099,0.0673572268759
-640,-480:0:1
1,1,1,1,1,0,1,0
-325.0,-195.102848035:29:1
0.5,0.5,1.0,1,0.947477136891,0.319823506123,0.947477136891,0.319823506123
-338.0,-196.960047439:30:1
0.5,0.5,1.0,1,0.989948890811,0.141425576127,0.989948890811,0.141425576127
-324.0,-246.580285029:86:1
1.0,1.0,1.0,1,0.976516721804,0.215441620947,0.976516721804,0.215441620947
-338.0,-196.960047439:30:1
0.5,0.5,1.0,1,0.989948890811,0.141425576127,0.989948890811,0.141425576127
-349.0,-195.439082219:31:1
0.5,0.5,1.0,1,0.990575684268,-0.136966469387,0.990575684268,-0.136966469387
-359.0,-245.067246775:88:1
1.0,1.0,1.0,1,0.992120196816,-0.125289724518,0.992120196816,-0.125289724518
-325.0,-195.102848035:29:1
0.5,0.5,1.0,1,0.947477136891,0.319823506123,0.947477136891,0.319823506123
-311.0,-243.712191724:85:1
1.0,1.0,1.0,1,0.952206761922,0.305454223331,0.952206761922,0.305454223331
-301.0,-240.504335662:84:1
1.0,1.0,1.0,1,0.887210453482,0.461364943653,0.887210453482,0.461364943653
-301.0,-240.504335662:84:1
1.0,1.0,1.0,1,0.887210453482,0.461364943653,0.887210453482,0.461364943653
-311.0,-243.712191724:85:1
1.0,1.0,1.0,1,0.952206761922,0.305454223331,0.952206761922,0.305454223331
-640,-480:0:1
1,1,1,1,1,0,1,0
-301.0,-240.504335662:84:1
1.0,1.0,1.0,1,0.887210453482,0.461364943653,0.887210453482,0.461364943653
-282.503968434,-230.886075949:83:1
1.0,1.0,1.0,1,0.773551344103,0.633733633348,0.773551344103,0.633733633348
-316.0,-192.064873351:28:1
0.5,0.5,1.0,1,0.828808130388,0.55953291503,0.828808130388,0.55953291503
639,-480:1:1
1,1,1,1,1,0,1,0
-153.0,-114.434335383:78:1
1.0,1.0,1.0,1,0.862417619001,0.506197442148,0.862417619001,0.506197442148
-267.671052672,-218.734177215:82:1
1.0,1.0,1.0,1,0.635482243231,0.772115482644,0.635482243231,0.772115482644
-282.503968434,-230.886075949:83:1
1.0,1.0,1.0,1,0.773551344103,0.633733633348,0.773551344103,0.633733633348
-301.0,-240.504335662:84:1
1.0,1.0,1.0,1,0.887210453482,0.461364943653,0.887210453482,0.461364943653
639,-480:1:1
1,1,1,1,1,0,1,0
-311.0,-243.712191724:85:1
1.0,1.0,1.0,1,0.952206761922,0.305454223331,0.952206761922,0.305454223331
-325.0,-195.102848035:29:1
0.5,0.5,1.0,1,0.947477136891,0.319823506123,0.947477136891,0.319823506123
-324.0,-246.580285029:86:1
1.0,1.0,1.0,1,0.976516721804,0.215441620947,0.976516721804,0.215441620947
-324.0,-246.580285029:86:1
1.0,1.0,1.0,1,0.976516721804,0.215441620947,0.976516721804,0.215441620947
-640,-480:0:1
1,1,1,1,1,0,1,0
-311.0,-243.712191724:85:1
1.0,1.0,1.0,1,0.952206761922,0.305454223331,0.952206761922,0.305454223331
-304.0,-183.963607529:27:1
0.5,0.5,1.0,1,0.631595091966,0.775298419839,0.631595091966,0.775298419839
-282.503968434,-230.886075949:83:1
1.0,1.0,1.0,1,0.773551344103,0.633733633348,0.773551344103,0.633733633348
-267.671052672,-218.734177215:82:1
1.0,1.0,1.0,1,0.635482243231,0.772115482644,0.635482243231,0.772115482644
-379.664062434,-173.164556962:34:1
0.5,0.5,1.0,1,0.638664778096,-0.769485088367,0.638664778096,-0.769485088367
-325.0,-195.102848035:29:1
0.5,0.5,1.0,1,0.947477136891,0.319823506123,0.947477136891,0.319823506123
-304.0,-183.963607529:27:1
0.5,0.5,1.0,1,0.631595091966,0.775298419839,0.631595091966,0.775298419839
-325.0,-195.102848035:29:1
0.5,0.5,1.0,1,0.947477136891,0.319823506123,0.947477136891,0.319823506123
-349.0,-195.439082219:31:1
0.5,0.5,1.0,1,0.990575684268,-0.136966469387,0.990575684268,-0.136966469387
-338.0,-196.960047439:30:1
0.5,0.5,1.0,1,0.989948890811,0.141425576127,0.989948890811,0.141425576127
-325.0,-195.102848035:29:1
0.5,0.5,1.0,1,0.947477136891,0.319823506123,0.947477136891,0.319823506123
-301.0,-240.504335662:84:1
1.0,1.0,1.0,1,0.887210453482,0.461364943653,0.887210453482,0.461364943653
-316.0,-192.064873351:28:1
0.5,0.5,1.0,1,0.828808130388,0.55953291503,0.828808130388,0.55953291503
-304.0,-183.963607529:27:1
0.5,0.5,1.0,1,0.631595091966,0.775298419839,0.631595091966,0.775298419839
-325.0,-195.102848035:29:1
0.5,0.5,1.0,1,0.947477136891,0.319823506123,0.947477136891,0.319823506123
-316.0,-192.064873351:28:1
0.5,0.5,1.0,1,0.828808130388,0.55953291503,0.828808130388,0.55953291503
-304.0,-183.963607529:27:1
0.5,0.5,1.0,1,0.631595091966,0.775298419839,0.631595091966,0.775298419839
-244.334210673,-190.379746835:81:1
1.0,1.0,1.0,1,0.663134707002,0.748500073727,0.663134707002,0.748500073727
-282.0,-156.958069561:26:1
0.5,0.5,1.0,1,0.675355929874,0.737491944352,0.675355929874,0.737491944352
-304.0,-183.963607529:27:1
0.5,0.5,1.0,1,0.631595091966,0.775298419839,0.631595091966,0.775298419839
-316.0,-192.064873351:28:1
0.5,0.5,1.0,1,0.828808130388,0.55953291503,0.828808130388,0.55953291503
-282.503968434,-230.886075949:83:1
1.0,1.0,1.0,1,0.773551344103,0.633733633348,0.773551344103,0.633733633348
-282.0,-156.958069561:26:1
0.5,0.5,1.0,1,0.675355929874,0.737491944352,0.675355929874,0.737491944352
-232.671052672,-177.215189873:80:1
1.0,1.0,1.0,1,0.755275571575,0.655407362624,0.755275571575,0.655407362624
-265.0,-138.393987275:25:1
0.5,0.5,1.0,1,0.758790285585,0.651335015566,0.758790285585,0.651335015566
-232.671052672,-177.215189873:80:1
1.0,1.0,1.0,1,0.755275571575,0.655407362624,0.755275571575,0.655407362624
-282.0,-156.958069561:26:1
0.5,0.5,1.0,1,0.675355929874,0.737491944352,0.675355929874,0.737491944352
-244.334210673,-190.379746835:81:1
1.0,1.0,1.0,1,0.663134707002,0.748500073727,0.663134707002,0.748500073727
-232.671052672,-177.215189873:80:1
1.0,1.0,1.0,1,0.755275571575,0.655407362624,0.755275571575,0.655407362624
-244.334210673,-190.379746835:81:1
1.0,1.0,1.0,1,0.663134707002,0.748500073727,0.663134707002,0.748500073727
-199.996093809,-148.860759494:79:1
1.0,1.0,1.0,1,0.806710858895,0.590946351323,0.806710858895,0.590946351323
-384.0,-164.55300624:35:1
0.5,0.5,1.0,1,0.449714534292,-0.893172344873,0.449714534292,-0.893172344873
-304.0,-183.963607529:27:1
0.5,0.5,1.0,1,0.631595091966,0.775298419839,0.631595091966,0.775298419839
-387.0,-139.754746955:37:1
0.5,0.5,1.0,1,0.000296907654048,-0.999999955923,0.000296907654048,-0.999999955923
-244.334210673,-190.379746835:81:1
1.0,1.0,1.0,1,0.663134707002,0.748500073727,0.663134707002,0.748500073727
-304.0,-183.963607529:27:1
0.5,0.5,1.0,1,0.631595091966,0.775298419839,0.631595091966,0.775298419839
-267.671052672,-218.734177215:82:1
1.0,1.0,1.0,1,0.635482243231,0.772115482644,0.635482243231,0.772115482644
-359.996093691,-191.392405063:32:1
0.5,0.5,1.0,1,0.938468061605,-0.345366033865,0.938468061605,-0.345366033865
-349.0,-195.439082219:31:1
0.5,0.5,1.0,1,0.990575684268,-0.136966469387,0.990575684268,-0.136966469387
-325.0,-195.102848035:29:1
0.5,0.5,1.0,1,0.947477136891,0.319823506123,0.947477136891,0.319823506123
-244.334210673,-190.379746835:81:1
1.0,1.0,1.0,1,0.663134707002,0.748500073727,0.663134707002,0.748500073727
-267.671052672,-218.734177215:82:1
1.0,1.0,1.0,1,0.635482243231,0.772115482644,0.635482243231,0.772115482644
-199.996093809,-148.860759494:79:1
1.0,1.0,1.0,1,0.806710858895,0.590946351323,0.806710858895,0.590946351323
-338.0,-196.960047439:30:1
0.5,0.5,1.0,1,0.989948890811,0.141425576127,0.989948890811,0.141425576127
-359.0,-245.067246775:88:1
1.0,1.0,1.0,1,0.992120196816,-0.125289724518,0.992120196816,-0.125289724518
-339.0,-247.592943257:87:1
1.0,1.0,1.0,1,0.997728923099,0.0673572268759,0.997728923099,0.0673572268759
-301.0,-240.504335662:84:1
1.0,1.0,1.0,1,0.887210453482,0.461364943653,0.887210453482,0.461364943653
-640,-480:0:1
1,1,1,1,1,0,1,0
639,-480:1:1
1,1,1,1,1,0,1,0
-376.0,-113.421677275:39:1
0.5,0.5,1.0,1,-0.499062134509,-0.866566203991,-0.499062134509,-0.866566203991
-304.0,-183.963607529:27:1
0.5,0.5,1.0,1,0.631595091966,0.775298419839,0.631595091966,0.775298419839
-282.0,-156.958069561:26:1
0.5,0.5,1.0,1,0.675355929874,0.737491944352,0.675355929874,0.737491944352
-436.003906191,-129.620253165:97:1
1.0,1.0,1.0,1,-0.0774221057159,-0.996998403984,-0.0774221057159,-0.996998403984
-387.0,-139.754746955:37:1
0.5,0.5,1.0,1,0.000296907654048,-0.999999955923,0.000296907654048,-0.999999955923
-431.0,-110.375791199:98:1
1.0,1.0,1.0,1,-0.251650154281,-0.967818267988,-0.251650154281,-0.967818267988
-387.0,-139.754746955:37:1
0.5,0.5,1.0,1,0.000296907654048,-0.999999955923,0.000296907654048,-0.999999955923
-436.003906191,-129.620253165:97:1
1.0,1.0,1.0,1,-0.0774221057159,-0.996998403984,-0.0774221057159,-0.996998403984
-437.498031466,-148.860759494:96:1
1.0,1.0,1.0,1,0.119754550414,-0.992803529232,0.119754550414,-0.992803529232
-436.003906191,-129.620253165:97:1
1.0,1.0,1.0,1,-0.0774221057159,-0.996998403984,-0.0774221057159,-0.996998403984
-431.0,-110.375791199:98:1
1.0,1.0,1.0,1,-0.251650154281,-0.967818267988,-0.251650154281,-0.967818267988
-640,479:3:1
1,1,1,1,1,0,1,0
-436.003906191,-129.620253165:97:1
1.0,1.0,1.0,1,-0.0774221057159,-0.996998403984,-0.0774221057159,-0.996998403984
-640,479:3:1
1,1,1,1,1,0,1,0
-640,-480:0:1
1,1,1,1,1,0,1,0
-387.0,-139.754746955:37:1
0.5,0.5,1.0,1,0.000296907654048,-0.999999955923,0.000296907654048,-0.999999955923
-382.996093691,-125.569620253:38:1
0.5,0.5,1.0,1,-0.271647009413,-0.962396956706,-0.271647009413,-0.962396956706
-431.0,-110.375791199:98:1
1.0,1.0,1.0,1,-0.251650154281,-0.967818267988,-0.251650154281,-0.967818267988
-387.0,-139.754746955:37:1
0.5,0.5,1.0,1,0.000296907654048,-0.999999955923,0.000296907654048,-0.999999955923
-304.0,-183.963607529:27:1
0.5,0.5,1.0,1,0.631595091966,0.775298419839,0.631595091966,0.775298419839
-382.996093691,-125.569620253:38:1
0.5,0.5,1.0,1,-0.271647009413,-0.962396956706,-0.271647009413,-0.962396956706
-420.003906191,-89.1139240506:99:1
1.0,1.0,1.0,1,-0.4593759957,-0.888241912192,-0.4593759957,-0.888241912192
-382.996093691,-125.569620253:38:1
0.5,0.5,1.0,1,-0.271647009413,-0.962396956706,-0.271647009413,-0.962396956706
-376.0,-113.421677275:39:1
0.5,0.5,1.0,1,-0.499062134509,-0.866566203991,-0.499062134509,-0.866566203991
-357.0,-89.1178798065:40:1
0.5,0.5,1.0,1,-0.615898814807,-0.787825266109,-0.615898814807,-0.787825266109
-376.0,-113.421677275:39:1
0.5,0.5,1.0,1,-0.499062134509,-0.866566203991,-0.499062134509,-0.866566203991
-282.0,-156.958069561:26:1
0.5,0.5,1.0,1,0.675355929874,0.737491944352,0.675355929874,0.737491944352
-357.0,-89.1178798065:40:1
0.5,0.5,1.0,1,-0.615898814807,-0.787825266109,-0.615898814807,-0.787825266109
-265.0,-138.393987275:25:1
0.5,0.5,1.0,1,0.758790285585,0.651335015566,0.758790285585,0.651335015566
-322.0,-54.0110760158:41:1
0.5,0.5,1.0,1,-0.706028724288,-0.708183196977,-0.706028724288,-0.708183196977
-431.0,-110.375791199:98:1
1.0,1.0,1.0,1,-0.251650154281,-0.967818267988,-0.251650154281,-0.967818267988
-382.996093691,-125.569620253:38:1
0.5,0.5,1.0,1,-0.271647009413,-0.962396956706,-0.271647009413,-0.962396956706
-420.003906191,-89.1139240506:99:1
1.0,1.0,1.0,1,-0.4593759957,-0.888241912192,-0.4593759957,-0.888241912192
-386.996093691,-152.911392405:36:1
0.5,0.5,1.0,1,0.249238903065,-0.968442031925,0.249238903065,-0.968442031925
-387.0,-139.754746955:37:1
0.5,0.5,1.0,1,0.000296907654048,-0.999999955923,0.000296907654048,-0.999999955923
-437.498031466,-148.860759494:96:1
1.0,1.0,1.0,1,0.119754550414,-0.992803529232,0.119754550414,-0.992803529232
-412.003906191,-77.9746835443:100:1
1.0,1.0,1.0,1,-0.583331710633,-0.812234027464,-0.583331710633,-0.812234027464
-376.0,-113.421677275:39:1
0.5,0.5,1.0,1,-0.499062134509,-0.866566203991,-0.499062134509,-0.866566203991
-357.0,-89.1178798065:40:1
0.5,0.5,1.0,1,-0.615898814807,-0.787825266109,-0.615898814807,-0.787825266109
-640,479:3:1
1,1,1,1,1,0,1,0
-420.003906191,-89.1139240506:99:1
1.0,1.0,1.0,1,-0.4593759957,-0.888241912192,-0.4593759957,-0.888241912192
-412.003906191,-77.9746835443:100:1
1.0,1.0,1.0,1,-0.583331710633,-0.812234027464,-0.583331710633,-0.812234027464
-420.003906191,-89.1139240506:99:1
1.0,1.0,1.0,1,-0.4593759957,-0.888241912192,-0.4593759957,-0.888241912192
-640,479:3:1
1,1,1,1,1,0,1,0
-431.0,-110.375791199:98:1
1.0,1.0,1.0,1,-0.251650154281,-0.967818267988,-0.251650154281,-0.967818267988
-420.003906191,-89.1139240506:99:1
1.0,1.0,1.0,1,-0.4593759957,-0.888241912192,-0.4593759957,-0.888241912192
-376.0,-113.421677275:39:1
0.5,0.5,1.0,1,-0.499062134509,-0.866566203991,-0.499062134509,-0.866566203991
-412.003906191,-77.9746835443:100:1
1.0,1.0,1.0,1,-0.583331710633,-0.812234027464,-0.583331710633,-0.812234027464
-640,479:3:1
1,1,1,1,1,0,1,0
-412.003906191,-77.9746835443:100:1
1.0,1.0,1.0,1,-0.583331710633,-0.812234027464,-0.583331710633,-0.812234027464
-393.0,-53.6669304399:101:1
1.0,1.0,1.0,1,-0.615915184725,-0.78781246831,-0.615915184725,-0.78781246831
-393.0,-53.6669304399:101:1
1.0,1.0,1.0,1,-0.615915184725,-0.78781246831,-0.615915184725,-0.78781246831
-322.0,-54.0110760158:41:1
0.5,0.5,1.0,1,-0.706028724288,-0.708183196977,-0.706028724288,-0.708183196977
-356.0,-16.7108542115:102:1
1.0,1.0,1.0,1,-0.707526619146,-0.706686693804,-0.707526619146,-0.706686693804
-393.0,-53.6669304399:101:1
1.0,1.0,1.0,1,-0.615915184725,-0.78781246831,-0.615915184725,-0.78781246831
-412.003906191,-77.9746835443:100:1
1.0,1.0,1.0,1,-0.583331710633,-0.812234027464,-0.583331710633,-0.812234027464
-357.0,-89.1178798065:40:1
0.5,0.5,1.0,1,-0.615898814807,-0.787825266109,-0.615898814807,-0.787825266109
-356.0,-16.7108542115:102:1
1.0,1.0,1.0,1,-0.707526619146,-0.706686693804,-0.707526619146,-0.706686693804
-308.0,22.6115922313:103:1
1.0,1.0,1.0,1,-0.773564448515,-0.633717637433,-0.773564448515,-0.633717637433
-640,479:3:1
1,1,1,1,1,0,1,0
-308.0,22.6115922313:103:1
1.0,1.0,1.0,1,-0.773564448515,-0.633717637433,-0.773564448515,-0.633717637433
-356.0,-16.7108542115:102:1
1.0,1.0,1.0,1,-0.707526619146,-0.706686693804,-0.707526619146,-0.706686693804
-322.0,-54.0110760158:41:1
0.5,0.5,1.0,1,-0.706028724288,-0.708183196977,-0.706028724288,-0.708183196977
-322.0,-54.0110760158:41:1
0.5,0.5,1.0,1,-0.706028724288,-0.708183196977,-0.706028724288,-0.708183196977
-277.0,-17.2191456293:42:1
0.5,0.5,1.0,1,-0.774178594756,-0.632967221444,-0.774178594756,-0.632967221444
-308.0,22.6115922313:103:1
1.0,1.0,1.0,1,-0.773564448515,-0.633717637433,-0.773564448515,-0.633717637433
-393.0,-53.6669304399:101:1
1.0,1.0,1.0,1,-0.615915184725,-0.78781246831,-0.615915184725,-0.78781246831
-356.0,-16.7108542115:102:1
1.0,1.0,1.0,1,-0.707526619146,-0.706686693804,-0.707526619146,-0.706686693804
-640,479:3:1
1,1,1,1,1,0,1,0
-322.0,-54.0110760158:41:1
0.5,0.5,1.0,1,-0.706028724288,-0.708183196977,-0.706028724288,-0.708183196977
-393.0,-53.6669304399:101:1
1.0,1.0,1.0,1,-0.615915184725,-0.78781246831,-0.615915184725,-0.78781246831
-357.0,-89.1178798065:40:1
0.5,0.5,1.0,1,-0.615898814807,-0.787825266109,-0.615898814807,-0.787825266109
-640,479:3:1
1,1,1,1,1,0,1,0
-308.0,22.6115922313:103:1
1.0,1.0,1.0,1,-0.773564448515,-0.633717637433,-0.773564448515,-0.633717637433
-250.0,63.2891457885:104:1
1.0,1.0,1.0,1,-0.818717287578,-0.574196832994,-0.818717287578,-0.574196832994
-382.996093691,-125.569620253:38:1
0.5,0.5,1.0,1,-0.271647009413,-0.962396956706,-0.271647009413,-0.962396956706
-304.0,-183.963607529:27:1
0.5,0.5,1.0,1,0.631595091966,0.775298419839,0.631595091966,0.775298419839
-376.0,-113.421677275:39:1
0.5,0.5,1.0,1,-0.499062134509,-0.866566203991,-0.499062134509,-0.866566203991
-436.003906191,-129.620253165:97:1
1.0,1.0,1.0,1,-0.0774221057159,-0.996998403984,-0.0774221057159,-0.996998403984
-640,-480:0:1
1,1,1,1,1,0,1,0
-437.498031466,-148.860759494:96:1
1.0,1.0,1.0,1,0.119754550414,-0.992803529232,0.119754550414,-0.992803529232
-265.0,-138.393987275:25:1
0.5,0.5,1.0,1,0.758790285585,0.651335015566,0.758790285585,0.651335015566
-199.996093809,-148.860759494:79:1
1.0,1.0,1.0,1,0.806710858895,0.590946351323,0.806710858895,0.590946351323
-230.0,-108.350474624:24:1
0.5,0.5,1.0,1,0.806294684875,0.59151405828,0.806294684875,0.59151405828
-265.0,-138.393987275:25:1
0.5,0.5,1.0,1,0.758790285585,0.651335015566,0.758790285585,0.651335015566
-357.0,-89.1178798065:40:1
0.5,0.5,1.0,1,-0.615898814807,-0.787825266109,-0.615898814807,-0.787825266109
-282.0,-156.958069561:26:1
0.5,0.5,1.0,1,0.675355929874,0.737491944352,0.675355929874,0.737491944352
-230.0,-108.350474624:24:1
0.5,0.5,1.0,1,0.806294684875,0.59151405828,0.806294684875,0.59151405828
-199.996093809,-148.860759494:79:1
1.0,1.0,1.0,1,0.806710858895,0.590946351323,0.806710858895,0.590946351323
-153.0,-114.434335383:78:1
1.0,1.0,1.0,1,0.862417619001,0.506197442148,0.862417619001,0.506197442148
-230.0,-108.350474624:24:1
0.5,0.5,1.0,1,0.806294684875,0.59151405828,0.806294684875,0.59151405828
-277.0,-17.2191456293:42:1
0.5,0.5,1.0,1,-0.774178594756,-0.632967221444,-0.774178594756,-0.632967221444
-322.0,-54.0110760158:41:1
0.5,0.5,1.0,1,-0.706028724288,-0.708183196977,-0.706028724288,-0.708183196977
-153.0,-114.434335383:78:1
1.0,1.0,1.0,1,0.862417619001,0.506197442148,0.862417619001,0.506197442148
-88.0,-76.2824783073:77:1
1.0,1.0,1.0,1,0.894011682461,0.448043649239,0.894011682461,0.448043649239
-181.0,-72.4030854132:23:1
0.5,0.5,1.0,1,0.862338838639,0.506331637739,0.862338838639,0.506331637739
-153.0,-114.434335383:78:1
1.0,1.0,1.0,1,0.862417619001,0.506197442148,0.862417619001,0.506197442148
-199.996093809,-148.860759494:79:1
1.0,1.0,1.0,1,0.806710858895,0.590946351323,0.806710858895,0.590946351323
-267.671052672,-218.734177215:82:1
1.0,1.0,1.0,1,0.635482243231,0.772115482644,0.635482243231,0.772115482644
-181.0,-72.4030854132:23:1
0.5,0.5,1.0,1,0.862338838639,0.506331637739,0.862338838639,0.506331637739
-110.0,-30.7146624075:22:1
0.5,0.5,1.0,1,0.893992403653,0.448082115476,0.893992403653,0.448082115476
-224.0,19.9129746172:43:1
0.5,0.5,1.0,1,-0.818998669211,-0.573795416355,-0.818998669211,-0.573795416355
-110.0,-30.7146624075:22:1
0.5,0.5,1.0,1,0.893992403653,0.448082115476,0.893992403653,0.448082115476
-181.0,-72.4030854132:23:1
0.5,0.5,1.0,1,0.862338838639,0.506331637739,0.862338838639,0.506331637739
-88.0,-76.2824783073:77:1
1.0,1.0,1.0,1,0.894011682461,0.448043649239,0.894011682461,0.448043649239
-145.0,65.3144778183:44:1
0.5,0.5,1.0,1,-0.867017716428,-0.498277311745,-0.867017716428,-0.498277311745
-110.0,-30.7146624075:22:1
0.5,0.5,1.0,1,0.893992403653,0.448082115476,0.893992403653,0.448082115476
-44.0,2.3655063955:21:1
0.5,0.5,1.0,1,0.928363562639,0.371673372149,0.928363562639,0.371673372149
-153.0,-114.434335383:78:1
1.0,1.0,1.0,1,0.862417619001,0.506197442148,0.862417619001,0.506197442148
-181.0,-72.4030854132:23:1
0.5,0.5,1.0,1,0.862338838639,0.506331637739,0.862338838639,0.506331637739
-230.0,-108.350474624:24:1
0.5,0.5,1.0,1,0.806294684875,0.59151405828,0.806294684875,0.59151405828
-153.0,-114.434335383:78:1
1.0,1.0,1.0,1,0.862417619001,0.506197442148,0.862417619001,0.506197442148
639,-480:1:1
1,1,1,1,1,0,1,0
-88.0,-76.2824783073:77:1
1.0,1.0,1.0,1,0.894011682461,0.448043649239,0.894011682461,0.448043649239
-230.0,-108.350474624:24:1
0.5,0.5,1.0,1,0.806294684875,0.59151405828,0.806294684875,0.59151405828
-181.0,-72.4030854132:23:1
0.5,0.5,1.0,1,0.862338838639,0.506331637739,0.862338838639,0.506331637739
-277.0,-17.2191456293:42:1
0.5,0.5,1.0,1,-0.774178594756,-0.632967221444,-0.774178594756,-0.632967221444
-224.0,19.9129746172:43:1
0.5,0.5,1.0,1,-0.818998669211,-0.573795416355,-0.818998669211,-0.573795416355
-250.0,63.2891457885:104:1
1.0,1.0,1.0,1,-0.818717287578,-0.574196832994,-0.818717287578,-0.574196832994
-308.0,22.6115922313:103:1
1.0,1.0,1.0,1,-0.773564448515,-0.633717637433,-0.773564448515,-0.633717637433
-277.0,-17.2191456293:42:1
0.5,0.5,1.0,1,-0.774178594756,-0.632967221444,-0.774178594756,-0.632967221444
-181.0,-72.4030854132:23:1
0.5,0.5,1.0,1,0.862338838639,0.506331637739,0.862338838639,0.506331637739
-224.0,19.9129746172:43:1
0.5,0.5,1.0,1,-0.818998669211,-0.573795416355,-0.818998669211,-0.573795416355
-250.0,63.2891457885:104:1
1.0,1.0,1.0,1,-0.818717287578,-0.574196832994,-0.818717287578,-0.574196832994
-224.0,19.9129746172:43:1
0.5,0.5,1.0,1,-0.818998669211,-0.573795416355,-0.818998669211,-0.573795416355
-145.0,65.3144778183:44:1
0.5,0.5,1.0,1,-0.867017716428,-0.498277311745,-0.867017716428,-0.498277311745
-224.0,19.9129746172:43:1
0.5,0.5,1.0,1,-0.818998669211,-0.573795416355,-0.818998669211,-0.573795416355
-308.0,22.6115922313:103:1
1.0,1.0,1.0,1,-0.773564448515,-0.633717637433,-0.773564448515,-0.633717637433
-277.0,-17.2191456293:42:1
0.5,0.5,1.0,1,-0.774178594756,-0.632967221444,-0.774178594756,-0.632967221444
-145.0,65.3144778183:44:1
0.5,0.5,1.0,1,-0.867017716428,-0.498277311745,-0.867017716428,-0.498277311745
-70.0,100.925632845:45:1
0.5,0.5,1.0,1,-0.903342121869,-0.428920751254,-0.903342121869,-0.428920751254
-92.0,146.49700185:106:1
1.0,1.0,1.0,1,-0.902533940814,-0.430618724254,-0.902533940814,-0.430618724254
-224.0,19.9129746172:43:1
0.5,0.5,1.0,1,-0.818998669211,-0.573795416355,-0.818998669211,-0.573795416355
-110.0,-30.7146624075:22:1
0.5,0.5,1.0,1,0.893992403653,0.448082115476,0.893992403653,0.448082115476
-145.0,65.3144778183:44:1
0.5,0.5,1.0,1,-0.867017716428,-0.498277311745,-0.867017716428,-0.498277311745
-167.0,110.712858054:105:1
1.0,1.0,1.0,1,-0.868265038064,-0.496100618499,-0.868265038064,-0.496100618499
-92.0,146.49700185:106:1
1.0,1.0,1.0,1,-0.902533940814,-0.430618724254,-0.902533940814,-0.430618724254
-640,479:3:1
1,1,1,1,1,0,1,0
-92.0,146.49700185:106:1
1.0,1.0,1.0,1,-0.902533940814,-0.430618724254,-0.902533940814,-0.430618724254
-167.0,110.712858054:105:1
1.0,1.0,1.0,1,-0.868265038064,-0.496100618499,-0.868265038064,-0.496100618499
-145.0,65.3144778183:44:1
0.5,0.5,1.0,1,-0.867017716428,-0.498277311745,-0.867017716428,-0.498277311745
-70.0,100.925632845:45:1
0.5,0.5,1.0,1,-0.903342121869,-0.428920751254,-0.903342121869,-0.428920751254
-41.0,166.750166407:107:1
1.0,1.0,1.0,1,-0.929396532247,-0.369082762868,-0.929396532247,-0.369082762868
-92.0,146.49700185:106:1
1.0,1.0,1.0,1,-0.902533940814,-0.430618724254,-0.902533940814,-0.430618724254
-145.0,65.3144778183:44:1
0.5,0.5,1.0,1,-0.867017716428,-0.498277311745,-0.867017716428,-0.498277311745
-167.0,110.712858054:105:1
1.0,1.0,1.0,1,-0.868265038064,-0.496100618499,-0.868265038064,-0.496100618499
-250.0,63.2891457885:104:1
1.0,1.0,1.0,1,-0.818717287578,-0.574196832994,-0.818717287578,-0.574196832994
-145.0,65.3144778183:44:1
0.5,0.5,1.0,1,-0.867017716428,-0.498277311745,-0.867017716428,-0.498277311745
-44.0,2.3655063955:21:1
0.5,0.5,1.0,1,0.928363562639,0.371673372149,0.928363562639,0.371673372149
-70.0,100.925632845:45:1
0.5,0.5,1.0,1,-0.903342121869,-0.428920751254,-0.903342121869,-0.428920751254
-250.0,63.2891457885:104:1
1.0,1.0,1.0,1,-0.818717287578,-0.574196832994,-0.818717287578,-0.574196832994
-167.0,110.712858054:105:1
1.0,1.0,1.0,1,-0.868265038064,-0.496100618499,-0.868265038064,-0.496100618499
-640,479:3:1
1,1,1,1,1,0,1,0
-110.0,-30.7146624075:22:1
0.5,0.5,1.0,1,0.893992403653,0.448082115476,0.893992403653,0.448082115476
-88.0,-76.2824783073:77:1
1.0,1.0,1.0,1,0.894011682461,0.448043649239,0.894011682461,0.448043649239
-22.0,-43.2058626098:76:1
1.0,1.0,1.0,1,0.92954057988,0.368719826368,0.92954057988,0.368719826368
-230.0,-108.350474624:24:1
0.5,0.5,1.0,1,0.806294684875,0.59151405828,0.806294684875,0.59151405828
-322.0,-54.0110760158:41:1
0.5,0.5,1.0,1,-0.706028724288,-0.708183196977,-0.706028724288,-0.708183196977
-265.0,-138.393987275:25:1
0.5,0.5,1.0,1,0.758790285585,0.651335015566,0.758790285585,0.651335015566
-232.671052672,-177.215189873:80:1
1.0,1.0,1.0,1,0.755275571575,0.655407362624,0.755275571575,0.655407362624
-199.996093809,-148.860759494:79:1
1.0,1.0,1.0,1,0.806710858895,0.590946351323,0.806710858895,0.590946351323
-265.0,-138.393987275:25:1
0.5,0.5,1.0,1,0.758790285585,0.651335015566,0.758790285585,0.651335015566
-640,479:3:1
1,1,1,1,1,0,1,0
-92.0,146.49700185:106:1
1.0,1.0,1.0,1,-0.902533940814,-0.430618724254,-0.902533940814,-0.430618724254
-41.0,166.750166407:107:1
1.0,1.0,1.0,1,-0.929396532247,-0.369082762868,-0.929396532247,-0.369082762868
-267.671052672,-218.734177215:82:1
1.0,1.0,1.0,1,0.635482243231,0.772115482644,0.635482243231,0.772115482644
-282.503968434,-230.886075949:83:1
1.0,1.0,1.0,1,0.773551344103,0.633733633348,0.773551344103,0.633733633348
639,-480:1:1
1,1,1,1,1,0,1,0
42.0,36.7958861423:20:1
0.5,0.5,1.0,1,0.962223754898,0.272259885973,0.962223754898,0.272259885973
-44.0,2.3655063955:21:1
0.5,0.5,1.0,1,0.928363562639,0.371673372149,0.928363562639,0.371673372149
-22.0,-43.2058626098:76:1
1.0,1.0,1.0,1,0.92954057988,0.368719826368,0.92954057988,0.368719826368
-22.0,-43.2058626098:76:1
1.0,1.0,1.0,1,0.92954057988,0.368719826368,0.92954057988,0.368719826368
-44.0,2.3655063955:21:1
0.5,0.5,1.0,1,0.928363562639,0.371673372149,0.928363562639,0.371673372149
-110.0,-30.7146624075:22:1
0.5,0.5,1.0,1,0.893992403653,0.448082115476,0.893992403653,0.448082115476
122.0,6.75549637628:74:1
1.0,1.0,1.0,1,0.959042695168,0.283261555535,0.959042695168,0.283261555535
58.0,-11.472351725:75:1
1.0,1.0,1.0,1,0.961753311401,0.273917082361,0.961753311401,0.273917082361
639,-480:1:1
1,1,1,1,1,0,1,0
58.0,-11.472351725:75:1
1.0,1.0,1.0,1,0.961753311401,0.273917082361,0.961753311401,0.273917082361
42.0,36.7958861423:20:1
0.5,0.5,1.0,1,0.962223754898,0.272259885973,0.962223754898,0.272259885973
-22.0,-43.2058626098:76:1
1.0,1.0,1.0,1,0.92954057988,0.368719826368,0.92954057988,0.368719826368
110.0,56.0363924714:19:1
0.5,0.5,1.0,1,0.958126098078,0.28634660847,0.958126098078,0.28634660847
58.0,-11.472351725:75:1
1.0,1.0,1.0,1,0.961753311401,0.273917082361,0.961753311401,0.273917082361
122.0,6.75549637628:74:1
1.0,1.0,1.0,1,0.959042695168,0.283261555535,0.959042695168,0.283261555535
639,-480:1:1
1,1,1,1,1,0,1,0
192.0,27.0086609332:72:1
1.0,1.0,1.0,1,0.978178414041,0.207766672748,0.978178414041,0.207766672748
170.0,20.9327115662:73:1
1.0,1.0,1.0,1,0.963914134031,0.266213339663,0.963914134031,0.266213339663
158.0,70.3817247134:18:1
0.5,0.5,1.0,1,0.96885373724,0.247633672663,0.96885373724,0.247633672663
170.0,20.9327115662:73:1
1.0,1.0,1.0,1,0.963914134031,0.266213339663,0.963914134031,0.266213339663
192.0,27.0086609332:72:1
1.0,1.0,1.0,1,0.978178414041,0.207766672748,0.978178414041,0.207766672748
639,-480:1:1
1,1,1,1,1,0,1,0
219.0,32.7435044788:71:1
1.0,1.0,1.0,1,0.974311100286,0.225206305107,0.974311100286,0.225206305107
192.0,27.0086609332:72:1
1.0,1.0,1.0,1,0.978178414041,0.207766672748,0.978178414041,0.207766672748
639,-480:1:1
1,1,1,1,1,0,1,0
170.0,20.9327115662:73:1
1.0,1.0,1.0,1,0.963914134031,0.266213339663,0.963914134031,0.266213339663
122.0,6.75549637628:74:1
1.0,1.0,1.0,1,0.959042695168,0.283261555535,0.959042695168,0.283261555535
110.0,56.0363924714:19:1
0.5,0.5,1.0,1,0.958126098078,0.28634660847,0.958126098078,0.28634660847
122.0,6.75549637628:74:1
1.0,1.0,1.0,1,0.959042695168,0.283261555535,0.959042695168,0.283261555535
170.0,20.9327115662:73:1
1.0,1.0,1.0,1,0.963914134031,0.266213339663,0.963914134031,0.266213339663
639,-480:1:1
1,1,1,1,1,0,1,0
58.0,-11.472351725:75:1
1.0,1.0,1.0,1,0.961753311401,0.273917082361,0.961753311401,0.273917082361
-22.0,-43.2058626098:76:1
1.0,1.0,1.0,1,0.92954057988,0.368719826368,0.92954057988,0.368719826368
193.0,79.327531712:17:1
0.5,0.5,1.0,1,0.981560633236,0.191151048342,0.981560633236,0.191151048342
192.0,27.0086609332:72:1
1.0,1.0,1.0,1,0.978178414041,0.207766672748,0.978178414041,0.207766672748
219.0,32.7435044788:71:1
1.0,1.0,1.0,1,0.974311100286,0.225206305107,0.974311100286,0.225206305107
18.0,135.356012592:47:1
0.5,0.5,1.0,1,-0.938398414714,-0.345555227513,-0.938398414714,-0.345555227513
7.0,131.30537968:46:1
0.5,0.5,1.0,1,-0.930217054463,-0.367009852164,-0.930217054463,-0.367009852164
42.0,36.7958861423:20:1
0.5,0.5,1.0,1,0.962223754898,0.272259885973,0.962223754898,0.272259885973
7.0,131.30537968:46:1
0.5,0.5,1.0,1,-0.930217054463,-0.367009852164,-0.930217054463,-0.367009852164
-70.0,100.925632845:45:1
0.5,0.5,1.0,1,-0.903342121869,-0.428920751254,-0.903342121869,-0.428920751254
42.0,36.7958861423:20:1
0.5,0.5,1.0,1,0.962223754898,0.272259885973,0.962223754898,0.272259885973
42.0,36.7958861423:20:1
0.5,0.5,1.0,1,0.962223754898,0.272259885973,0.962223754898,0.272259885973
58.0,-11.472351725:75:1
1.0,1.0,1.0,1,0.961753311401,0.273917082361,0.961753311401,0.273917082361
110.0,56.0363924714:19:1
0.5,0.5,1.0,1,0.958126098078,0.28634660847,0.958126098078,0.28634660847
110.0,56.0363924714:19:1
0.5,0.5,1.0,1,0.958126098078,0.28634660847,0.958126098078,0.28634660847
18.0,135.356012592:47:1
0.5,0.5,1.0,1,-0.938398414714,-0.345555227513,-0.938398414714,-0.345555227513
42.0,36.7958861423:20:1
0.5,0.5,1.0,1,0.962223754898,0.272259885973,0.962223754898,0.272259885973
158.0,70.3817247134:18:1
0.5,0.5,1.0,1,0.96885373724,0.247633672663,0.96885373724,0.247633672663
112.0,161.685126516:49:1
0.5,0.5,1.0,1,-0.953400096932,-0.301708891434,-0.953400096932,-0.301708891434
110.0,56.0363924714:19:1
0.5,0.5,1.0,1,0.958126098078,0.28634660847,0.958126098078,0.28634660847
158.0,70.3817247134:18:1
0.5,0.5,1.0,1,0.96885373724,0.247633672663,0.96885373724,0.247633672663
192.0,27.0086609332:72:1
1.0,1.0,1.0,1,0.978178414041,0.207766672748,0.978178414041,0.207766672748
193.0,79.327531712:17:1
0.5,0.5,1.0,1,0.981560633236,0.191151048342,0.981560633236,0.191151048342
176.0,178.900316389:52:1
0.5,0.5,1.0,1,-0.972422574669,-0.233225933965,-0.972422574669,-0.233225933965
193.0,79.327531712:17:1
0.5,0.5,1.0,1,0.981560633236,0.191151048342,0.981560633236,0.191151048342
219.0,84.3908228512:16:1
0.5,0.5,1.0,1,0.947477136891,0.319823506123,0.947477136891,0.319823506123
238.0,37.1352432117:70:1
1.0,1.0,1.0,1,0.909702347917,0.415260927845,0.909702347917,0.415260927845
225.0,86.4161393069:15:1
0.5,0.5,1.0,1,0.892157158155,0.45172514337,0.892157158155,0.45172514337
219.0,84.3908228512:16:1
0.5,0.5,1.0,1,0.947477136891,0.319823506123,0.947477136891,0.319823506123
110.0,56.0363924714:19:1
0.5,0.5,1.0,1,0.958126098078,0.28634660847,0.958126098078,0.28634660847
170.0,20.9327115662:73:1
1.0,1.0,1.0,1,0.963914134031,0.266213339663,0.963914134031,0.266213339663
158.0,70.3817247134:18:1
0.5,0.5,1.0,1,0.96885373724,0.247633672663,0.96885373724,0.247633672663
193.0,79.327531712:17:1
0.5,0.5,1.0,1,0.981560633236,0.191151048342,0.981560633236,0.191151048342
138.0,169.786392339:51:1
0.5,0.5,1.0,1,-0.953400096932,-0.301708891434,-0.953400096932,-0.301708891434
158.0,70.3817247134:18:1
0.5,0.5,1.0,1,0.96885373724,0.247633672663,0.96885373724,0.247633672663
193.0,79.327531712:17:1
0.5,0.5,1.0,1,0.981560633236,0.191151048342,0.981560633236,0.191151048342
219.0,32.7435044788:71:1
1.0,1.0,1.0,1,0.974311100286,0.225206305107,0.974311100286,0.225206305107
219.0,84.3908228512:16:1
0.5,0.5,1.0,1,0.947477136891,0.319823506123,0.947477136891,0.319823506123
219.0,84.3908228512:16:1
0.5,0.5,1.0,1,0.947477136891,0.319823506123,0.947477136891,0.319823506123
225.0,86.4161393069:15:1
0.5,0.5,1.0,1,0.892157158155,0.45172514337,0.892157158155,0.45172514337
254.664062434,145.82278481:9:1
0.5,0.5,1.0,1,-0.29222497142,0.956349604527,-0.29222497142,0.956349604527
219.0,84.3908228512:16:1
0.5,0.5,1.0,1,0.947477136891,0.319823506123,0.947477136891,0.319823506123
219.0,32.7435044788:71:1
1.0,1.0,1.0,1,0.974311100286,0.225206305107,0.974311100286,0.225206305107
238.0,37.1352432117:70:1
1.0,1.0,1.0,1,0.909702347917,0.415260927845,0.909702347917,0.415260927845
7.0,131.30537968:46:1
0.5,0.5,1.0,1,-0.930217054463,-0.367009852164,-0.930217054463,-0.367009852164
-41.0,166.750166407:107:1
1.0,1.0,1.0,1,-0.929396532247,-0.369082762868,-0.929396532247,-0.369082762868
-70.0,100.925632845:45:1
0.5,0.5,1.0,1,-0.903342121869,-0.428920751254,-0.903342121869,-0.428920751254
233.0,90.4667722183:14:1
0.5,0.5,1.0,1,0.770033998967,0.638002852999,0.770033998967,0.638002852999
225.0,86.4161393069:15:1
0.5,0.5,1.0,1,0.892157158155,0.45172514337,0.892157158155,0.45172514337
255.0,44.895403213:69:1
1.0,1.0,1.0,1,0.835231782511,0.549898053719,0.835231782511,0.549898053719
255.0,44.895403213:69:1
1.0,1.0,1.0,1,0.835231782511,0.549898053719,0.835231782511,0.549898053719
238.0,37.1352432117:70:1
1.0,1.0,1.0,1,0.909702347917,0.415260927845,0.909702347917,0.415260927845
639,-480:1:1
1,1,1,1,1,0,1,0
268.328947328,53.6708860759:68:1
1.0,1.0,1.0,1,0.720428580326,0.69352913468,0.720428580326,0.69352913468
255.0,44.895403213:69:1
1.0,1.0,1.0,1,0.835231782511,0.549898053719,0.835231782511,0.549898053719
639,-480:1:1
1,1,1,1,1,0,1,0
268.328947328,53.6708860759:68:1
1.0,1.0,1.0,1,0.720428580326,0.69352913468,0.720428580326,0.69352913468
233.0,90.4667722183:14:1
0.5,0.5,1.0,1,0.770033998967,0.638002852999,0.770033998967,0.638002852999
255.0,44.895403213:69:1
1.0,1.0,1.0,1,0.835231782511,0.549898053719,0.835231782511,0.549898053719
282.0,66.8314874019:67:1
1.0,1.0,1.0,1,0.583382936139,0.812197235788,0.583382936139,0.812197235788
639,-480:1:1
1,1,1,1,1,0,1,0
290.003906191,77.9746835443:66:1
1.0,1.0,1.0,1,0.49906213715,0.86656620247,0.49906213715,0.86656620247
639,-480:1:1
1,1,1,1,1,0,1,0
282.0,66.8314874019:67:1
1.0,1.0,1.0,1,0.583382936139,0.812197235788,0.583382936139,0.812197235788
268.328947328,53.6708860759:68:1
1.0,1.0,1.0,1,0.720428580326,0.69352913468,0.720428580326,0.69352913468
290.003906191,77.9746835443:66:1
1.0,1.0,1.0,1,0.49906213715,0.86656620247,0.49906213715,0.86656620247
244.0,99.5806962689:13:1
0.5,0.5,1.0,1,0.543788857916,0.839222067159,0.543788857916,0.839222067159
282.0,66.8314874019:67:1
1.0,1.0,1.0,1,0.583382936139,0.812197235788,0.583382936139,0.812197235788
297.0,90.1226266424:65:1
1.0,1.0,1.0,1,0.340266944199,0.940328882193,0.340266944199,0.940328882193
290.003906191,77.9746835443:66:1
1.0,1.0,1.0,1,0.49906213715,0.86656620247,0.49906213715,0.86656620247
639,-480:1:1
1,1,1,1,1,0,1,0
639,-480:1:1
1,1,1,1,1,0,1,0
302.498031466,105.316455696:64:1
1.0,1.0,1.0,1,0.177290513593,0.984158561305,0.177290513593,0.984158561305
297.0,90.1226266424:65:1
1.0,1.0,1.0,1,0.340266944199,0.940328882193,0.340266944199,0.940328882193
282.0,66.8314874019:67:1
1.0,1.0,1.0,1,0.583382936139,0.812197235788,0.583382936139,0.812197235788
244.0,99.5806962689:13:1
0.5,0.5,1.0,1,0.543788857916,0.839222067159,0.543788857916,0.839222067159
268.328947328,53.6708860759:68:1
1.0,1.0,1.0,1,0.720428580326,0.69352913468,0.720428580326,0.69352913468
238.0,37.1352432117:70:1
1.0,1.0,1.0,1,0.909702347917,0.415260927845,0.909702347917,0.415260927845
219.0,32.7435044788:71:1
1.0,1.0,1.0,1,0.974311100286,0.225206305107,0.974311100286,0.225206305107
639,-480:1:1
1,1,1,1,1,0,1,0
251.0,110.383702591:12:1
0.5,0.5,1.0,1,0.33796192243,0.941159783983,0.33796192243,0.941159783983
290.003906191,77.9746835443:66:1
1.0,1.0,1.0,1,0.49906213715,0.86656620247,0.49906213715,0.86656620247
297.0,90.1226266424:65:1
1.0,1.0,1.0,1,0.340266944199,0.940328882193,0.340266944199,0.940328882193
233.0,90.4667722183:14:1
0.5,0.5,1.0,1,0.770033998967,0.638002852999,0.770033998967,0.638002852999
244.0,99.5806962689:13:1
0.5,0.5,1.0,1,0.543788857916,0.839222067159,0.543788857916,0.839222067159
251.0,110.383702591:12:1
0.5,0.5,1.0,1,0.33796192243,0.941159783983,0.33796192243,0.941159783983
233.0,90.4667722183:14:1
0.5,0.5,1.0,1,0.770033998967,0.638002852999,0.770033998967,0.638002852999
268.328947328,53.6708860759:68:1
1.0,1.0,1.0,1,0.720428580326,0.69352913468,0.720428580326,0.69352913468
244.0,99.5806962689:13:1
0.5,0.5,1.0,1,0.543788857916,0.839222067159,0.543788857916,0.839222067159
244.0,99.5806962689:13:1
0.5,0.5,1.0,1,0.543788857916,0.839222067159,0.543788857916,0.839222067159
290.003906191,77.9746835443:66:1
1.0,1.0,1.0,1,0.49906213715,0.86656620247,0.49906213715,0.86656620247
251.0,110.383702591:12:1
0.5,0.5,1.0,1,0.33796192243,0.941159783983,0.33796192243,0.941159783983
251.0,110.383702591:12:1
0.5,0.5,1.0,1,0.33796192243,0.941159783983,0.33796192243,0.941159783983
255.0,121.522943098:11:1
0.5,0.5,1.0,1,0.133330380664,0.991071647053,0.133330380664,0.991071647053
225.0,86.4161393069:15:1
0.5,0.5,1.0,1,0.892157158155,0.45172514337,0.892157158155,0.45172514337
255.0,121.522943098:11:1
0.5,0.5,1.0,1,0.133330380664,0.991071647053,0.133330380664,0.991071647053
302.498031466,105.316455696:64:1
1.0,1.0,1.0,1,0.177290513593,0.984158561305,0.177290513593,0.984158561305
306.328947328,126.582278481:63:1
1.0,1.0,1.0,1,-0.0384931282465,0.999258864898,-0.0384931282465,0.999258864898
302.498031466,105.316455696:64:1
1.0,1.0,1.0,1,0.177290513593,0.984158561305,0.177290513593,0.984158561305
255.0,121.522943098:11:1
0.5,0.5,1.0,1,0.133330380664,0.991071647053,0.133330380664,0.991071647053
251.0,110.383702591:12:1
0.5,0.5,1.0,1,0.33796192243,0.941159783983,0.33796192243,0.941159783983
256.498046846,132.658227848:10:1
0.5,0.5,1.0,1,-0.1379797622,0.990435048463,-0.1379797622,0.990435048463
306.328947328,126.582278481:63:1
1.0,1.0,1.0,1,-0.0384931282465,0.999258864898,-0.0384931282465,0.999258864898
305.665789327,143.797468354:62:1
1.0,1.0,1.0,1,-0.171677435364,0.98515321559,-0.171677435364,0.98515321559
306.328947328,126.582278481:63:1
1.0,1.0,1.0,1,-0.0384931282465,0.999258864898,-0.0384931282465,0.999258864898
256.498046846,132.658227848:10:1
0.5,0.5,1.0,1,-0.1379797622,0.990435048463,-0.1379797622,0.990435048463
255.0,121.522943098:11:1
0.5,0.5,1.0,1,0.133330380664,0.991071647053,0.133330380664,0.991071647053
306.328947328,126.582278481:63:1
1.0,1.0,1.0,1,-0.0384931282465,0.999258864898,-0.0384931282465,0.999258864898
302.498031466,105.316455696:64:1
1.0,1.0,1.0,1,0.177290513593,0.984158561305,0.177290513593,0.984158561305
639,479:2:1
1,1,1,1,1,0,1,0
225.0,86.4161393069:15:1
0.5,0.5,1.0,1,0.892157158155,0.45172514337,0.892157158155,0.45172514337
255.0,121.522943098:11:1
0.5,0.5,1.0,1,0.133330380664,0.991071647053,0.133330380664,0.991071647053
254.664062434,145.82278481:9:1
0.5,0.5,1.0,1,-0.29222497142,0.956349604527,-0.29222497142,0.956349604527
302.498031466,105.316455696:64:1
1.0,1.0,1.0,1,0.177290513593,0.984158561305,0.177290513593,0.984158561305
251.0,110.383702591:12:1
0.5,0.5,1.0,1,0.33796192243,0.941159783983,0.33796192243,0.941159783983
297.0,90.1226266424:65:1
1.0,1.0,1.0,1,0.340266944199,0.940328882193,0.340266944199,0.940328882193
225.0,86.4161393069:15:1
0.5,0.5,1.0,1,0.892157158155,0.45172514337,0.892157158155,0.45172514337
233.0,90.4667722183:14:1
0.5,0.5,1.0,1,0.770033998967,0.638002852999,0.770033998967,0.638002852999
251.0,110.383702591:12:1
0.5,0.5,1.0,1,0.33796192243,0.941159783983,0.33796192243,0.941159783983
302.498031466,105.316455696:64:1
1.0,1.0,1.0,1,0.177290513593,0.984158561305,0.177290513593,0.984158561305
639,-480:1:1
1,1,1,1,1,0,1,0
639,479:2:1
1,1,1,1,1,0,1,0
255.0,44.895403213:69:1
1.0,1.0,1.0,1,0.835231782511,0.549898053719,0.835231782511,0.549898053719
225.0,86.4161393069:15:1
0.5,0.5,1.0,1,0.892157158155,0.45172514337,0.892157158155,0.45172514337
238.0,37.1352432117:70:1
1.0,1.0,1.0,1,0.909702347917,0.415260927845,0.909702347917,0.415260927845
-22.0,-43.2058626098:76:1
1.0,1.0,1.0,1,0.92954057988,0.368719826368,0.92954057988,0.368719826368
-88.0,-76.2824783073:77:1
1.0,1.0,1.0,1,0.894011682461,0.448043649239,0.894011682461,0.448043649239
639,-480:1:1
1,1,1,1,1,0,1,0
254.664062434,145.82278481:9:1
0.5,0.5,1.0,1,-0.29222497142,0.956349604527,-0.29222497142,0.956349604527
255.0,121.522943098:11:1
0.5,0.5,1.0,1,0.133330380664,0.991071647053,0.133330380664,0.991071647053
256.498046846,132.658227848:10:1
0.5,0.5,1.0,1,-0.1379797622,0.990435048463,-0.1379797622,0.990435048463
-41.0,166.750166407:107:1
1.0,1.0,1.0,1,-0.929396532247,-0.369082762868,-0.929396532247,-0.369082762868
7.0,131.30537968:46:1
0.5,0.5,1.0,1,-0.930217054463,-0.367009852164,-0.930217054463,-0.367009852164
3.0,183.965356281:108:1
1.0,1.0,1.0,1,-0.931258589969,-0.36435894199,-0.931258589969,-0.36435894199
3.0,183.965356281:108:1
1.0,1.0,1.0,1,-0.931258589969,-0.36435894199,-0.931258589969,-0.36435894199
7.0,131.30537968:46:1
0.5,0.5,1.0,1,-0.930217054463,-0.367009852164,-0.930217054463,-0.367009852164
18.0,135.356012592:47:1
0.5,0.5,1.0,1,-0.938398414714,-0.345555227513,-0.938398414714,-0.345555227513
112.0,161.685126516:49:1
0.5,0.5,1.0,1,-0.953400096932,-0.301708891434,-0.953400096932,-0.301708891434
96.0,156.621835377:48:1
0.5,0.5,1.0,1,-0.964785496912,-0.263037915419,-0.964785496912,-0.263037915419
110.0,56.0363924714:19:1
0.5,0.5,1.0,1,0.958126098078,0.28634660847,0.958126098078,0.28634660847
96.0,156.621835377:48:1
0.5,0.5,1.0,1,-0.964785496912,-0.263037915419,-0.964785496912,-0.263037915419
3.0,183.965356281:108:1
1.0,1.0,1.0,1,-0.931258589969,-0.36435894199,-0.931258589969,-0.36435894199
18.0,135.356012592:47:1
0.5,0.5,1.0,1,-0.938398414714,-0.345555227513,-0.938398414714,-0.345555227513
91.0,208.269153749:109:1
1.0,1.0,1.0,1,-0.963914134031,-0.266213339663,-0.963914134031,-0.266213339663
112.0,161.685126516:49:1
0.5,0.5,1.0,1,-0.953400096932,-0.301708891434,-0.953400096932,-0.301708891434
122.0,164.723101199:50:1
0.5,0.5,1.0,1,-0.956820439927,-0.290679627319,-0.956820439927,-0.290679627319
193.0,79.327531712:17:1
0.5,0.5,1.0,1,0.981560633236,0.191151048342,0.981560633236,0.191151048342
176.0,178.900316389:52:1
0.5,0.5,1.0,1,-0.972422574669,-0.233225933965,-0.972422574669,-0.233225933965
138.0,169.786392339:51:1
0.5,0.5,1.0,1,-0.953400096932,-0.301708891434,-0.953400096932,-0.301708891434
125.0,218.395736028:110:1
1.0,1.0,1.0,1,-0.958393991458,-0.285448694403,-0.958393991458,-0.285448694403
122.0,164.723101199:50:1
0.5,0.5,1.0,1,-0.956820439927,-0.290679627319,-0.956820439927,-0.290679627319
138.0,169.786392339:51:1
0.5,0.5,1.0,1,-0.953400096932,-0.301708891434,-0.953400096932,-0.301708891434
219.0,84.3908228512:16:1
0.5,0.5,1.0,1,0.947477136891,0.319823506123,0.947477136891,0.319823506123
207.0,183.795490477:53:1
0.5,0.5,1.0,1,-0.987760818947,-0.155976166621,-0.987760818947,-0.155976166621
176.0,178.900316389:52:1
0.5,0.5,1.0,1,-0.972422574669,-0.233225933965,-0.972422574669,-0.233225933965
158.0,70.3817247134:18:1
0.5,0.5,1.0,1,0.96885373724,0.247633672663,0.96885373724,0.247633672663
138.0,169.786392339:51:1
0.5,0.5,1.0,1,-0.953400096932,-0.301708891434,-0.953400096932,-0.301708891434
122.0,164.723101199:50:1
0.5,0.5,1.0,1,-0.956820439927,-0.290679627319,-0.956820439927,-0.290679627319
96.0,156.621835377:48:1
0.5,0.5,1.0,1,-0.964785496912,-0.263037915419,-0.964785496912,-0.263037915419
112.0,161.685126516:49:1
0.5,0.5,1.0,1,-0.953400096932,-0.301708891434,-0.953400096932,-0.301708891434
91.0,208.269153749:109:1
1.0,1.0,1.0,1,-0.963914134031,-0.266213339663,-0.963914134031,-0.266213339663
122.0,164.723101199:50:1
0.5,0.5,1.0,1,-0.956820439927,-0.290679627319,-0.956820439927,-0.290679627319
112.0,161.685126516:49:1
0.5,0.5,1.0,1,-0.953400096932,-0.301708891434,-0.953400096932,-0.301708891434
158.0,70.3817247134:18:1
0.5,0.5,1.0,1,0.96885373724,0.247633672663,0.96885373724,0.247633672663
125.0,218.395736028:110:1
1.0,1.0,1.0,1,-0.958393991458,-0.285448694403,-0.958393991458,-0.285448694403
138.0,169.786392339:51:1
0.5,0.5,1.0,1,-0.953400096932,-0.301708891434,-0.953400096932,-0.301708891434
176.0,178.900316389:52:1
0.5,0.5,1.0,1,-0.972422574669,-0.233225933965,-0.972422574669,-0.233225933965
91.0,208.269153749:109:1
1.0,1.0,1.0,1,-0.963914134031,-0.266213339663,-0.963914134031,-0.266213339663
125.0,218.395736028:110:1
1.0,1.0,1.0,1,-0.958393991458,-0.285448694403,-0.958393991458,-0.285448694403
-640,479:3:1
1,1,1,1,1,0,1,0
3.0,183.965356281:108:1
1.0,1.0,1.0,1,-0.931258589969,-0.36435894199,-0.931258589969,-0.36435894199
96.0,156.621835377:48:1
0.5,0.5,1.0,1,-0.964785496912,-0.263037915419,-0.964785496912,-0.263037915419
91.0,208.269153749:109:1
1.0,1.0,1.0,1,-0.963914134031,-0.266213339663,-0.963914134031,-0.266213339663
91.0,208.269153749:109:1
1.0,1.0,1.0,1,-0.963914134031,-0.266213339663,-0.963914134031,-0.266213339663
122.0,164.723101199:50:1
0.5,0.5,1.0,1,-0.956820439927,-0.290679627319,-0.956820439927,-0.290679627319
125.0,218.395736028:110:1
1.0,1.0,1.0,1,-0.958393991458,-0.285448694403,-0.958393991458,-0.285448694403
125.0,218.395736028:110:1
1.0,1.0,1.0,1,-0.958393991458,-0.285448694403,-0.958393991458,-0.285448694403
165.0,228.522318306:111:1
1.0,1.0,1.0,1,-0.969416374533,-0.24542186697,-0.969416374533,-0.24542186697
-640,479:3:1
1,1,1,1,1,0,1,0
201.0,234.257161852:112:1
1.0,1.0,1.0,1,-0.987548060871,-0.157317600634,-0.987548060871,-0.157317600634
207.0,183.795490477:53:1
0.5,0.5,1.0,1,-0.987760818947,-0.155976166621,-0.987760818947,-0.155976166621
217.007812378,233.924050633:54:1
1.0,1.0,1.0,1,-0.999783557005,0.0208047865137,-0.999783557005,0.0208047865137
201.0,234.257161852:112:1
1.0,1.0,1.0,1,-0.987548060871,-0.157317600634,-0.987548060871,-0.157317600634
176.0,178.900316389:52:1
0.5,0.5,1.0,1,-0.972422574669,-0.233225933965,-0.972422574669,-0.233225933965
207.0,183.795490477:53:1
0.5,0.5,1.0,1,-0.987760818947,-0.155976166621,-0.987760818947,-0.155976166621
165.0,228.522318306:111:1
1.0,1.0,1.0,1,-0.969416374533,-0.24542186697,-0.969416374533,-0.24542186697
201.0,234.257161852:112:1
1.0,1.0,1.0,1,-0.987548060871,-0.157317600634,-0.987548060871,-0.157317600634
639,479:2:1
1,1,1,1,1,0,1,0
165.0,228.522318306:111:1
1.0,1.0,1.0,1,-0.969416374533,-0.24542186697,-0.969416374533,-0.24542186697
176.0,178.900316389:52:1
0.5,0.5,1.0,1,-0.972422574669,-0.233225933965,-0.972422574669,-0.233225933965
201.0,234.257161852:112:1
1.0,1.0,1.0,1,-0.987548060871,-0.157317600634,-0.987548060871,-0.157317600634
207.0,183.795490477:53:1
0.5,0.5,1.0,1,-0.987760818947,-0.155976166621,-0.987760818947,-0.155976166621
212.992187382,183.291139241:4:1
0.5,0.5,1.0,1,-0.996476572218,0.0838715745662,-0.996476572218,0.0838715745662
217.007812378,233.924050633:54:1
1.0,1.0,1.0,1,-0.999783557005,0.0208047865137,-0.999783557005,0.0208047865137
165.0,228.522318306:111:1
1.0,1.0,1.0,1,-0.969416374533,-0.24542186697,-0.969416374533,-0.24542186697
125.0,218.395736028:110:1
1.0,1.0,1.0,1,-0.958393991458,-0.285448694403,-0.958393991458,-0.285448694403
176.0,178.900316389:52:1
0.5,0.5,1.0,1,-0.972422574669,-0.233225933965,-0.972422574669,-0.233225933965
207.0,183.795490477:53:1
0.5,0.5,1.0,1,-0.987760818947,-0.155976166621,-0.987760818947,-0.155976166621
254.664062434,145.82278481:9:1
0.5,0.5,1.0,1,-0.29222497142,0.956349604527,-0.29222497142,0.956349604527
212.992187382,183.291139241:4:1
0.5,0.5,1.0,1,-0.996476572218,0.0838715745662,-0.996476572218,0.0838715745662
165.0,228.522318306:111:1
1.0,1.0,1.0,1,-0.969416374533,-0.24542186697,-0.969416374533,-0.24542186697
639,479:2:1
1,1,1,1,1,0,1,0
-640,479:3:1
1,1,1,1,1,0,1,0
18.0,135.356012592:47:1
0.5,0.5,1.0,1,-0.938398414714,-0.345555227513,-0.938398414714,-0.345555227513
110.0,56.0363924714:19:1
0.5,0.5,1.0,1,0.958126098078,0.28634660847,0.958126098078,0.28634660847
96.0,156.621835377:48:1
0.5,0.5,1.0,1,-0.964785496912,-0.263037915419,-0.964785496912,-0.263037915419
91.0,208.269153749:109:1
1.0,1.0,1.0,1,-0.963914134031,-0.266213339663,-0.963914134031,-0.266213339663
-640,479:3:1
1,1,1,1,1,0,1,0
3.0,183.965356281:108:1
1.0,1.0,1.0,1,-0.931258589969,-0.36435894199,-0.931258589969,-0.36435894199
246.664062434,163.037974684:7:1
0.5,0.5,1.0,1,-0.69053874199,0.723295407016,-0.69053874199,0.723295407016
254.664062434,145.82278481:9:1
0.5,0.5,1.0,1,-0.29222497142,0.956349604527,-0.29222497142,0.956349604527
252.498046846,152.911392405:8:1
0.5,0.5,1.0,1,-0.499191144553,0.866491893326,-0.499191144553,0.866491893326
246.664062434,163.037974684:7:1
0.5,0.5,1.0,1,-0.69053874199,0.723295407016,-0.69053874199,0.723295407016
236.996093691,173.164556962:6:1
0.5,0.5,1.0,1,-0.858089859402,0.513499555201,-0.858089859402,0.513499555201
212.992187382,183.291139241:4:1
0.5,0.5,1.0,1,-0.996476572218,0.0838715745662,-0.996476572218,0.0838715745662
246.664062434,163.037974684:7:1
0.5,0.5,1.0,1,-0.69053874199,0.723295407016,-0.69053874199,0.723295407016
252.498046846,152.911392405:8:1
0.5,0.5,1.0,1,-0.499191144553,0.866491893326,-0.499191144553,0.866491893326
295.498031466,179.240506329:60:1
1.0,1.0,1.0,1,-0.530074719907,0.847950936856,-0.530074719907,0.847950936856
274.0,207.598892345:58:1
1.0,1.0,1.0,1,-0.788834316164,0.614605907588,-0.788834316164,0.614605907588
236.996093691,173.164556962:6:1
0.5,0.5,1.0,1,-0.858089859402,0.513499555201,-0.858089859402,0.513499555201
246.664062434,163.037974684:7:1
0.5,0.5,1.0,1,-0.69053874199,0.723295407016,-0.69053874199,0.723295407016
254.664062434,145.82278481:9:1
0.5,0.5,1.0,1,-0.29222497142,0.956349604527,-0.29222497142,0.956349604527
305.665789327,143.797468354:62:1
1.0,1.0,1.0,1,-0.171677435364,0.98515321559,-0.171677435364,0.98515321559
302.665789327,161.012658228:61:1
1.0,1.0,1.0,1,-0.365953888376,0.930632984362,-0.365953888376,0.930632984362
254.664062434,145.82278481:9:1
0.5,0.5,1.0,1,-0.29222497142,0.956349604527,-0.29222497142,0.956349604527
207.0,183.795490477:53:1
0.5,0.5,1.0,1,-0.987760818947,-0.155976166621,-0.987760818947,-0.155976166621
219.0,84.3908228512:16:1
0.5,0.5,1.0,1,0.947477136891,0.319823506123,0.947477136891,0.319823506123
295.498031466,179.240506329:60:1
1.0,1.0,1.0,1,-0.530074719907,0.847950936856,-0.530074719907,0.847950936856
302.665789327,161.012658228:61:1
1.0,1.0,1.0,1,-0.365953888376,0.930632984362,-0.365953888376,0.930632984362
639,479:2:1
1,1,1,1,1,0,1,0
295.498031466,179.240506329:60:1
1.0,1.0,1.0,1,-0.530074719907,0.847950936856,-0.530074719907,0.847950936856
252.498046846,152.911392405:8:1
0.5,0.5,1.0,1,-0.499191144553,0.866491893326,-0.499191144553,0.866491893326
302.665789327,161.012658228:61:1
1.0,1.0,1.0,1,-0.365953888376,0.930632984362,-0.365953888376,0.930632984362
305.665789327,143.797468354:62:1
1.0,1.0,1.0,1,-0.171677435364,0.98515321559,-0.171677435364,0.98515321559
639,479:2:1
1,1,1,1,1,0,1,0
302.665789327,161.012658228:61:1
1.0,1.0,1.0,1,-0.365953888376,0.930632984362,-0.365953888376,0.930632984362
302.665789327,161.012658228:61:1
1.0,1.0,1.0,1,-0.365953888376,0.930632984362,-0.365953888376,0.930632984362
252.498046846,152.911392405:8:1
0.5,0.5,1.0,1,-0.499191144553,0.866491893326,-0.499191144553,0.866491893326
254.664062434,145.82278481:9:1
0.5,0.5,1.0,1,-0.29222497142,0.956349604527,-0.29222497142,0.956349604527
236.996093691,173.164556962:6:1
0.5,0.5,1.0,1,-0.858089859402,0.513499555201,-0.858089859402,0.513499555201
226.0,179.744857565:5:1
0.5,0.5,1.0,1,-0.964788360591,0.263027411628,-0.964788360591,0.263027411628
212.992187382,183.291139241:4:1
0.5,0.5,1.0,1,-0.996476572218,0.0838715745662,-0.996476572218,0.0838715745662
286.0,194.434335383:59:1
1.0,1.0,1.0,1,-0.67366255016,0.739039084563,-0.67366255016,0.739039084563
246.664062434,163.037974684:7:1
0.5,0.5,1.0,1,-0.69053874199,0.723295407016,-0.69053874199,0.723295407016
295.498031466,179.240506329:60:1
1.0,1.0,1.0,1,-0.530074719907,0.847950936856,-0.530074719907,0.847950936856
226.0,179.744857565:5:1
0.5,0.5,1.0,1,-0.964788360591,0.263027411628,-0.964788360591,0.263027411628
251.003906191,223.797468354:56:1
1.0,1.0,1.0,1,-0.926798609655,0.375558699993,-0.926798609655,0.375558699993
236.0,229.877373358:55:1
1.0,1.0,1.0,1,-0.978045233615,0.208392708611,-0.978045233615,0.208392708611
251.003906191,223.797468354:56:1
1.0,1.0,1.0,1,-0.926798609655,0.375558699993,-0.926798609655,0.375558699993
226.0,179.744857565:5:1
0.5,0.5,1.0,1,-0.964788360591,0.263027411628,-0.964788360591,0.263027411628
261.007812378,217.721518987:57:1
1.0,1.0,1.0,1,-0.85470604784,0.519112292078,-0.85470604784,0.519112292078
217.007812378,233.924050633:54:1
1.0,1.0,1.0,1,-0.999783557005,0.0208047865137,-0.999783557005,0.0208047865137
236.0,229.877373358:55:1
1.0,1.0,1.0,1,-0.978045233615,0.208392708611,-0.978045233615,0.208392708611
639,479:2:1
1,1,1,1,1,0,1,0
217.007812378,233.924050633:54:1
1.0,1.0,1.0,1,-0.999783557005,0.0208047865137,-0.999783557005,0.0208047865137
212.992187382,183.291139241:4:1
0.5,0.5,1.0,1,-0.996476572218,0.0838715745662,-0.996476572218,0.0838715745662
236.0,229.877373358:55:1
1.0,1.0,1.0,1,-0.978045233615,0.208392708611,-0.978045233615,0.208392708611
251.003906191,223.797468354:56:1
1.0,1.0,1.0,1,-0.926798609655,0.375558699993,-0.926798609655,0.375558699993
639,479:2:1
1,1,1,1,1,0,1,0
236.0,229.877373358:55:1
1.0,1.0,1.0,1,-0.978045233615,0.208392708611,-0.978045233615,0.208392708611
236.0,229.877373358:55:1
1.0,1.0,1.0,1,-0.978045233615,0.208392708611,-0.978045233615,0.208392708611
212.992187382,183.291139241:4:1
0.5,0.5,1.0,1,-0.996476572218,0.0838715745662,-0.996476572218,0.0838715745662
226.0,179.744857565:5:1
0.5,0.5,1.0,1,-0.964788360591,0.263027411628,-0.964788360591,0.263027411628
274.0,207.598892345:58:1
1.0,1.0,1.0,1,-0.788834316164,0.614605907588,-0.788834316164,0.614605907588
286.0,194.434335383:59:1
1.0,1.0,1.0,1,-0.67366255016,0.739039084563,-0.67366255016,0.739039084563
639,479:2:1
1,1,1,1,1,0,1,0
261.007812378,217.721518987:57:1
1.0,1.0,1.0,1,-0.85470604784,0.519112292078,-0.85470604784,0.519112292078
226.0,179.744857565:5:1
0.5,0.5,1.0,1,-0.964788360591,0.263027411628,-0.964788360591,0.263027411628
236.996093691,173.164556962:6:1
0.5,0.5,1.0,1,-0.858089859402,0.513499555201,-0.858089859402,0.513499555201
261.007812378,217.721518987:57:1
1.0,1.0,1.0,1,-0.85470604784,0.519112292078,-0.85470604784,0.519112292078
639,479:2:1
1,1,1,1,1,0,1,0
251.003906191,223.797468354:56:1
1.0,1.0,1.0,1,-0.926798609655,0.375558699993,-0.926798609655,0.375558699993
639,479:2:1
1,1,1,1,1,0,1,0
261.007812378,217.721518987:57:1
1.0,1.0,1.0,1,-0.85470604784,0.519112292078,-0.85470604784,0.519112292078
274.0,207.598892345:58:1
1.0,1.0,1.0,1,-0.788834316164,0.614605907588,-0.788834316164,0.614605907588
286.0,194.434335383:59:1
1.0,1.0,1.0,1,-0.67366255016,0.739039084563,-0.67366255016,0.739039084563
295.498031466,179.240506329:60:1
1.0,1.0,1.0,1,-0.530074719907,0.847950936856,-0.530074719907,0.847950936856
639,479:2:1
1,1,1,1,1,0,1,0
236.996093691,173.164556962:6:1
0.5,0.5,1.0,1,-0.858089859402,0.513499555201,-0.858089859402,0.513499555201
274.0,207.598892345:58:1
1.0,1.0,1.0,1,-0.788834316164,0.614605907588,-0.788834316164,0.614605907588
261.007812378,217.721518987:57:1
1.0,1.0,1.0,1,-0.85470604784,0.519112292078,-0.85470604784,0.519112292078
246.664062434,163.037974684:7:1
0.5,0.5,1.0,1,-0.69053874199,0.723295407016,-0.69053874199,0.723295407016
286.0,194.434335383:59:1
1.0,1.0,1.0,1,-0.67366255016,0.739039084563,-0.67366255016,0.739039084563
274.0,207.598892345:58:1
1.0,1.0,1.0,1,-0.788834316164,0.614605907588,-0.788834316164,0.614605907588
217.007812378,233.924050633:54:1
1.0,1.0,1.0,1,-0.999783557005,0.0208047865137,-0.999783557005,0.0208047865137
639,479:2:1
1,1,1,1,1,0,1,0
201.0,234.257161852:112:1
1.0,1.0,1.0,1,-0.987548060871,-0.157317600634,-0.987548060871,-0.157317600634
305.665789327,143.797468354:62:1
1.0,1.0,1.0,1,-0.171677435364,0.98515321559,-0.171677435364,0.98515321559
306.328947328,126.582278481:63:1
1.0,1.0,1.0,1,-0.0384931282465,0.999258864898,-0.0384931282465,0.999258864898
639,479:2:1
1,1,1,1,1,0,1,0
246.664062434,163.037974684:7:1
0.5,0.5,1.0,1,-0.69053874199,0.723295407016,-0.69053874199,0.723295407016
212.992187382,183.291139241:4:1
0.5,0.5,1.0,1,-0.996476572218,0.0838715745662,-0.996476572218,0.0838715745662
254.664062434,145.82278481:9:1
0.5,0.5,1.0,1,-0.29222497142,0.956349604527,-0.29222497142,0.956349604527
256.498046846,132.658227848:10:1
0.5,0.5,1.0,1,-0.1379797622,0.990435048463,-0.1379797622,0.990435048463
305.665789327,143.797468354:62:1
1.0,1.0,1.0,1,-0.171677435364,0.98515321559,-0.171677435364,0.98515321559
254.664062434,145.82278481:9:1
0.5,0.5,1.0,1,-0.29222497142,0.956349604527,-0.29222497142,0.956349604527
3.0,183.965356281:108:1
1.0,1.0,1.0,1,-0.931258589969,-0.36435894199,-0.931258589969,-0.36435894199
-640,479:3:1
1,1,1,1,1,0,1,0
-41.0,166.750166407:107:1
1.0,1.0,1.0,1,-0.929396532247,-0.369082762868,-0.929396532247,-0.369082762868
-70.0,100.925632845:45:1
0.5,0.5,1.0,1,-0.903342121869,-0.428920751254,-0.903342121869,-0.428920751254
-44.0,2.3655063955:21:1
0.5,0.5,1.0,1,0.928363562639,0.371673372149,0.928363562639,0.371673372149
42.0,36.7958861423:20:1
0.5,0.5,1.0,1,0.962223754898,0.272259885973,0.962223754898,0.272259885973
