125
124.5,63.0:2
0.5,0.5,1.0,1,-3.13497023385,-1.57788840647
1,1,1,0,-1.57788840647,-3.13497023385
124.0,-7.5:2
0.5,0.5,1.0,1,1.56370424712,3.14159265359
1,1,1,0,3.14159265359,1.56370424712
122.0,-7.5:2
0.5,0.5,1.0,1,0.0,-2.81984209919
1,1,1,0,-2.81984209919,0.0
120.5,-8.0:2
0.5,0.5,1.0,1,0.321750554397,-2.75471693586
1,1,1,0,-2.75471693586,0.321750554397
107.0,-13.5:2
0.5,0.5,1.0,1,0.386875717731,-2.67794504459
1,1,1,0,-2.67794504459,0.386875717731
101.0,-16.5:2
0.5,0.5,1.0,1,0.463647609001,-2.70918487802
1,1,1,0,-2.70918487802,0.463647609001
88.0,-22.5:2
0.5,0.5,1.0,1,0.432407775571,-2.67794504459
1,1,1,0,-2.67794504459,0.432407775571
82.0,-25.5:2
0.5,0.5,1.0,1,0.463647609001,-2.76108627648
1,1,1,0,-2.76108627648,0.463647609001
72.0,-29.5:2
0.5,0.5,1.0,1,0.380506377112,-2.59304325114
1,1,1,0,-2.59304325114,0.380506377112
54.0,-40.5:2
0.75,0.25,0.5,1,0.548549402451,-2.6344941492
1.0,0.5,0.5,1,-2.6344941492,0.548549402451
45.0,-45.5:2
0.75,0.25,0.5,1,0.507098504392,-2.64224593191
1.0,0.5,0.5,1,-2.64224593191,0.507098504392
23.0,-57.5:2
0.75,0.25,0.5,1,0.49934672168,-2.61351820516
1.0,0.5,0.5,1,-2.61351820516,0.49934672168
11.0,-64.5:2
0.75,0.25,0.5,1,0.528074448426,-2.55359005004
1.0,0.5,0.5,1,-2.55359005004,0.528074448426
8.0,-66.5:2
0.75,0.25,0.5,1,0.588002603548,-2.64765128467
1.0,0.5,0.5,1,-2.64765128467,0.588002603548
-5.0,-73.5:2
0.75,0.25,0.5,1,0.49394136892,-2.75098560989
1.0,0.5,0.5,1,-2.75098560989,0.49394136892
-22.0,-80.5:2
0.75,0.25,0.5,1,0.390607043698,-2.67794504459
1.0,0.5,0.5,1,-2.67794504459,0.390607043698
-28.0,-83.5:2
0.75,0.25,0.5,1,0.463647609001,-2.76108627648
1.0,0.5,0.5,1,-2.76108627648,0.463647609001
-38.0,-87.5:2
0.5,0.5,1.0,1,0.380506377112,-2.70918487802
1,1,1,0,-2.70918487802,0.380506377112
-51.0,-93.5:2
0.5,0.5,1.0,1,0.432407775571,-2.68474766074
1,1,1,0,-2.68474766074,0.432407775571
-80.5,-108.0:2
0.5,0.5,1.0,1,0.456844992846,-2.61351820516
1,1,1,0,-2.61351820516,0.456844992846
-92.5,-115.0:2
0.5,0.5,1.0,1,0.528074448426,-2.64765128467
1,1,1,0,-2.64765128467,0.528074448426
-99.0,-118.5:2
0.5,0.5,1.0,1,0.49394136892,-2.55359005004
1,1,1,0,-2.55359005004,0.49394136892
-102.0,-120.5:2
0.5,0.5,1.0,1,0.588002603548,-2.55359005004
1,1,1,0,-2.55359005004,0.588002603548
-105.0,-122.5:2
0.5,0.5,1.0,1,0.588002603548,-2.55359005004
1,1,1,0,-2.55359005004,0.588002603548
-108.0,-124.5:2
0.5,0.5,1.0,1,0.588002603548,-2.55359005004
1,1,1,0,-2.55359005004,0.588002603548
-111.0,-126.5:2
0.5,0.5,1.0,1,0.588002603548,-2.55359005004
1,1,1,0,-2.55359005004,0.588002603548
-114.0,-128.5:2
0.5,0.5,1.0,1,0.588002603548,-2.61679688194
1,1,1,0,-2.61679688194,0.588002603548
-133.0,-139.5:2
0.5,0.5,1.0,1,0.52479577165,3.13450057392
1,1,1,0,3.13450057392,0.52479577165
-203.5,-139.0:2
0.5,0.5,1.0,1,-0.00709207967432,1.57079632679
1,1,1,0,1.57079632679,-0.00709207967432
-203.5,-137.0:2
0.5,0.5,1.0,1,-1.57079632679,1.57079632679
1,1,1,0,1.57079632679,-1.57079632679
-203.5,-135.0:2
0.5,0.5,1.0,1,-1.57079632679,1.56316288728
1,1,1,0,1.56316288728,-1.57079632679
-203.0,-69.5:2
0.5,0.5,1.0,1,-1.57842976631,0.321750554397
1,1,1,0,0.321750554397,-1.57842976631
-201.5,-69.0:2
0.5,0.5,1.0,1,-2.81984209919,0.321750554397
1,1,1,0,0.321750554397,-2.81984209919
-200.0,-68.5:2
0.5,0.5,1.0,1,-2.81984209919,0.540419500271
1,1,1,0,0.540419500271,-2.81984209919
-197.5,-67.0:2
0.5,0.5,1.0,1,-2.60117315332,0.674740942224
1,1,1,0,0.674740942224,-2.60117315332
-192.5,-63.0:2
0.5,0.5,1.0,1,-2.46685171137,0.540419500271
1,1,1,0,0.540419500271,-2.46685171137
-190.0,-61.5:2
0.5,0.5,1.0,1,-2.60117315332,0.583635819077
1,1,1,0,0.583635819077,-2.60117315332
-163.5,-44.0:2
0.5,0.5,1.0,1,-2.55795683451,0.528074448426
1,1,1,0,0.528074448426,-2.55795683451
-151.5,-37.0:2
0.5,0.5,1.0,1,-2.61351820516,0.433353849082
1,1,1,0,0.433353849082,-2.61351820516
-118.0,-21.5:2
0.75,0.25,0.5,1,-2.70823880451,0.432407775571
1.0,0.5,0.5,1,0.432407775571,-2.70823880451
-105.0,-15.5:2
0.75,0.25,0.5,1,-2.70918487802,0.463647609001
1.0,0.5,0.5,1,0.463647609001,-2.70918487802
-99.0,-12.5:2
0.75,0.25,0.5,1,-2.67794504459,0.380506377112
1.0,0.5,0.5,1,0.380506377112,-2.67794504459
-89.0,-8.5:2
0.75,0.25,0.5,1,-2.76108627648,0.390607043698
1.0,0.5,0.5,1,0.390607043698,-2.76108627648
-72.0,-1.5:2
0.75,0.25,0.5,1,-2.75098560989,0.507098504392
1.0,0.5,0.5,1,0.507098504392,-2.75098560989
-63.0,3.5:2
0.75,0.25,0.5,1,-2.6344941492,0.588002603548
1.0,0.5,0.5,1,0.588002603548,-2.6344941492
-60.0,5.5:2
0.75,0.25,0.5,1,-2.55359005004,0.574304830175
1.0,0.5,0.5,1,0.574304830175,-2.55359005004
-51.5,11.0:2
0.75,0.25,0.5,1,-2.56728782342,0.49394136892
1.0,0.5,0.5,1,0.49394136892,-2.56728782342
-45.0,14.5:2
0.75,0.25,0.5,1,-2.64765128467,0.484477929037
1.0,0.5,0.5,1,0.484477929037,-2.64765128467
-26.0,24.5:2
0.5,0.5,1.0,1,-2.65711472455,0.528074448426
1,1,1,0,0.528074448426,-2.65711472455
-14.0,31.5:2
0.5,0.5,1.0,1,-2.61351820516,0.566729217524
1,1,1,0,0.566729217524,-2.61351820516
-8.5,35.0:2
0.5,0.5,1.0,1,-2.57486343607,0.49394136892
1,1,1,0,0.49394136892,-2.57486343607
11.0,45.5:2
0.5,0.5,1.0,1,-2.64765128467,0.442374222977
1,1,1,0,0.442374222977,-2.64765128467
20.5,50.0:2
0.5,0.5,1.0,1,-2.69921843061,0.367173833818
1,1,1,0,0.367173833818,-2.69921843061
27.0,52.5:2
0.5,0.5,1.0,1,-2.77441881977,0.463647609001
1,1,1,0,0.463647609001,-2.77441881977
33.0,55.5:2
0.5,0.5,1.0,1,-2.67794504459,0.442374222977
1,1,1,0,0.442374222977,-2.67794504459
42.5,60.0:2
0.5,0.5,1.0,1,-2.69921843061,0.367173833818
1,1,1,0,0.367173833818,-2.69921843061
49.0,62.5:2
0.5,0.5,1.0,1,-2.77441881977,0.00662241974267
1,1,1,0,0.00662241974267,-2.77441881977
-122.5,85.0:2
1.0,0.5,0.5,1,3.13429351315,-0.674740942224
1,1,1,0,-0.674740942224,3.13429351315
-117.5,81.0:2
1.0,0.5,0.5,1,2.46685171137,-0.714090698612
1,1,1,0,-0.714090698612,2.46685171137
-110.0,74.5:2
1.0,0.5,0.5,1,2.42750195498,-0.606382886376
1,1,1,0,-0.606382886376,2.42750195498
-48.0,31.5:2
1.0,0.5,0.5,1,2.53520976721,-0.507098504392
1,1,1,0,-0.507098504392,2.53520976721
-39.0,26.5:2
1.0,0.5,0.5,1,2.6344941492,-0.507098504392
1,1,1,0,-0.507098504392,2.6344941492
-30.0,21.5:2
0.75,0.25,0.5,1,2.6344941492,-0.507098504392
0.5,0.5,1.0,1.0,-0.507098504392,2.6344941492
-21.0,16.5:2
0.75,0.25,0.5,1,2.6344941492,-0.566729217524
0.5,0.5,1.0,1.0,-0.566729217524,2.6344941492
-15.5,13.0:2
0.75,0.25,0.5,1,2.57486343607,-0.49394136892
0.5,0.5,1.0,1.0,-0.49394136892,2.57486343607
-9.0,9.5:2
0.75,0.25,0.5,1,2.64765128467,-0.577901936962
0.5,0.5,1.0,1.0,-0.577901936962,2.64765128467
2.5,2.0:2
0.75,0.25,0.5,1,2.56369071663,-0.49394136892
0.5,0.5,1.0,1.0,-0.49394136892,2.56369071663
9.0,-1.5:2
0.75,0.25,0.5,1,2.64765128467,-0.588002603548
0.5,0.5,1.0,1.0,-0.588002603548,2.64765128467
12.0,-3.5:2
0.75,0.25,0.5,1,2.55359005004,-0.574304830175
0.5,0.5,1.0,1.0,-0.574304830175,2.55359005004
20.5,-9.0:2
0.75,0.25,0.5,1,2.56728782342,-0.52479577165
0.5,0.5,1.0,1.0,-0.52479577165,2.56728782342
30.0,-14.5:2
0.75,0.25,0.5,1,2.61679688194,-0.574304830175
0.5,0.5,1.0,1.0,-0.574304830175,2.61679688194
38.5,-20.0:2
0.75,0.25,0.5,1,2.56728782342,-0.49394136892
0.5,0.5,1.0,1.0,-0.49394136892,2.56728782342
45.0,-23.5:2
0.75,0.25,0.5,1,2.64765128467,-0.574304830175
0.5,0.5,1.0,1.0,-0.574304830175,2.64765128467
53.5,-29.0:2
0.75,0.25,0.5,1,2.56728782342,-0.49394136892
0.5,0.5,1.0,1.0,-0.49394136892,2.56728782342
60.0,-32.5:2
0.75,0.25,0.5,1,2.64765128467,-0.534395476754
0.5,0.5,1.0,1.0,-0.534395476754,2.64765128467
84.5,-47.0:2
1.0,0.5,0.5,1,2.60719717684,-0.479519291993
1,1,1,0,-0.479519291993,2.60719717684
97.0,-53.5:2
1.0,0.5,0.5,1,2.6620733616,-0.507098504392
1,1,1,0,-0.507098504392,2.6620733616
106.0,-58.5:2
1.0,0.5,0.5,1,2.6344941492,-0.566729217524
1,1,1,0,-0.566729217524,2.6344941492
111.5,-62.0:2
1.0,0.5,0.5,1,2.57486343607,-0.528074448426
1,1,1,0,-0.528074448426,2.57486343607
123.5,-69.0:2
1.0,0.5,0.5,1,2.61351820516,-0.49394136892
1,1,1,0,-0.49394136892,2.61351820516
130.0,-72.5:2
1.0,0.5,0.5,1,2.64765128467,-0.574304830175
1,1,1,0,-0.574304830175,2.64765128467
138.5,-78.0:2
1.0,0.5,0.5,1,2.56728782342,-0.49394136892
1,1,1,0,-0.49394136892,2.56728782342
145.0,-81.5:2
1.0,0.5,0.5,1,2.64765128467,-0.588002603548
1,1,1,0,-0.588002603548,2.64765128467
148.0,-83.5:2
1.0,0.5,0.5,1,2.55359005004,-0.566729217524
1,1,1,0,-0.566729217524,2.55359005004
153.5,-87.0:2
1.0,0.5,0.5,1,2.57486343607,-0.49394136892
1,1,1,0,-0.49394136892,2.57486343607
160.0,-90.5:2
1.0,0.5,0.5,1,2.64765128467,-0.588002603548
1,1,1,0,-0.588002603548,2.64765128467
166.0,-94.5:2
1.0,0.5,0.5,1,2.55359005004,-0.785398163397
1,1,1,0,-0.785398163397,2.55359005004
171.5,-100.0:2
1.0,0.5,0.5,1,2.35619449019,-1.57079632679
1,1,1,0,-1.57079632679,2.35619449019
171.5,-102.0:2
1.0,0.5,0.5,1,1.57079632679,-1.57079632679
1,1,1,0,-1.57079632679,1.57079632679
171.5,-104.0:2
1.0,0.5,0.5,1,1.57079632679,-1.57842976631
1,1,1,0,-1.57842976631,1.57079632679
171.0,-169.5:2
1.0,0.5,0.5,1,1.56316288728,3.14159265359
1,1,1,0,3.14159265359,1.56316288728
169.0,-169.5:2
1.0,0.5,0.5,1,0.0,3.14159265359
1,1,1,0,3.14159265359,0.0
167.0,-169.5:2
1.0,0.5,0.5,1,0.0,3.12688783121
1,1,1,0,3.12688783121,0.0
99.0,-168.5:2
1.0,0.5,0.5,1,-0.0147048223779,2.55359005004
1,1,1,0,2.55359005004,-0.0147048223779
96.0,-166.5:2
1.0,0.5,0.5,1,-0.588002603548,2.55359005004
1,1,1,0,2.55359005004,-0.588002603548
84.0,-158.5:2
1.0,0.5,0.5,1,-0.588002603548,2.56728782342
1,1,1,0,2.56728782342,-0.588002603548
75.5,-153.0:2
1.0,0.5,0.5,1,-0.574304830175,2.64765128467
1,1,1,0,2.64765128467,-0.574304830175
69.0,-149.5:2
1.0,0.5,0.5,1,-0.49394136892,2.55359005004
1,1,1,0,2.55359005004,-0.49394136892
66.0,-147.5:2
1.0,0.5,0.5,1,-0.588002603548,2.61351820516
1,1,1,0,2.61351820516,-0.588002603548
54.0,-140.5:2
1.0,0.5,0.5,1,-0.528074448426,2.56728782342
1,1,1,0,2.56728782342,-0.528074448426
45.5,-135.0:2
1.0,0.5,0.5,1,-0.574304830175,2.64765128467
1,1,1,0,2.64765128467,-0.574304830175
39.0,-131.5:2
1.0,0.5,0.5,1,-0.49394136892,2.6344941492
1,1,1,0,2.6344941492,-0.49394136892
30.0,-126.5:2
1.0,0.5,0.5,1,-0.507098504392,2.6344941492
1,1,1,0,2.6344941492,-0.507098504392
21.0,-121.5:2
1.0,0.5,0.5,1,-0.507098504392,2.62536198298
1,1,1,0,2.62536198298,-0.507098504392
2.5,-111.0:2
1.0,0.5,0.5,1,-0.516230670612,2.61351820516
1,1,1,0,2.61351820516,-0.516230670612
-9.5,-104.0:2
1.0,0.5,0.5,1,-0.528074448426,2.64765128467
1,1,1,0,2.64765128467,-0.528074448426
-16.0,-100.5:2
1.0,0.5,0.5,1,-0.49394136892,2.56728782342
1,1,1,0,2.56728782342,-0.49394136892
-24.5,-95.0:2
1.0,0.5,0.5,1,-0.574304830175,2.64765128467
1,1,1,0,2.64765128467,-0.574304830175
-31.0,-91.5:2
1.0,0.5,0.5,1,-0.49394136892,2.56728782342
1,1,1,0,2.56728782342,-0.49394136892
-39.5,-86.0:2
0.75,0.25,0.5,1,-0.574304830175,2.61679688194
0.5,0.5,1.0,1.0,2.61679688194,-0.574304830175
-49.0,-80.5:2
0.75,0.25,0.5,1,-0.52479577165,2.56728782342
0.5,0.5,1.0,1.0,2.56728782342,-0.52479577165
-57.5,-75.0:2
0.75,0.25,0.5,1,-0.574304830175,2.61679688194
0.5,0.5,1.0,1.0,2.61679688194,-0.574304830175
-67.0,-69.5:2
0.75,0.25,0.5,1,-0.52479577165,2.56369071663
0.5,0.5,1.0,1.0,2.56369071663,-0.52479577165
-78.5,-62.0:2
0.75,0.25,0.5,1,-0.577901936962,2.64765128467
0.5,0.5,1.0,1.0,2.64765128467,-0.577901936962
-85.0,-58.5:2
0.75,0.25,0.5,1,-0.49394136892,2.55359005004
0.5,0.5,1.0,1.0,2.55359005004,-0.49394136892
-88.0,-56.5:2
0.75,0.25,0.5,1,-0.588002603548,2.57486343607
0.5,0.5,1.0,1.0,2.57486343607,-0.588002603548
-93.5,-53.0:2
0.75,0.25,0.5,1,-0.566729217523,2.6344941492
0.5,0.5,1.0,1.0,2.6344941492,-0.566729217523
-102.5,-48.0:2
0.75,0.25,0.5,1,-0.507098504392,2.6344941492
0.5,0.5,1.0,1.0,2.6344941492,-0.507098504392
-111.5,-43.0:2
0.75,0.25,0.5,1,-0.507098504392,2.6344941492
0.5,0.5,1.0,1.0,2.6344941492,-0.507098504392
-120.5,-38.0:2
0.75,0.25,0.5,1,-0.507098504392,2.55563503697
0.5,0.5,1.0,1.0,2.55563503697,-0.507098504392
-177.0,-0.5:2
1.0,0.5,0.5,1,-0.585957616623,2.39783706929
1,1,1,0,2.39783706929,-0.585957616623
-189.5,11.0:2
1.0,0.5,0.5,1,-0.743755584299,2.11121582707
1,1,1,0,2.11121582707,-0.743755584299
-192.5,16.0:2
1.0,0.5,0.5,1,-1.03037682652,1.57079632679
1,1,1,0,1.57079632679,-1.03037682652
-192.5,18.0:2
1.0,0.5,0.5,1,-1.57079632679,1.54857776147
1,1,1,0,1.54857776147,-1.57079632679
-191.0,85.5:2
1.0,0.5,0.5,1,-1.59301489212,-0.0072991404437
1,1,1,0,-0.0072991404437,-1.59301489212
125
0,1
1,2
2,3
3,4
4,5
5,6
6,7
7,8
8,9
9,10
10,11
11,12
12,13
13,14
14,15
15,16
16,17
17,18
18,19
19,20
20,21
21,22
22,23
23,24
24,25
25,26
26,27
27,28
28,29
29,30
30,31
31,32
32,33
33,34
34,35
35,36
36,37
37,38
38,39
39,40
40,41
41,42
42,43
43,44
44,45
45,46
46,47
47,48
48,49
49,50
50,51
51,52
52,53
53,54
54,55
55,56
56,0
57,58
58,59
59,60
60,61
61,62
62,63
63,64
64,65
65,66
66,67
67,68
68,69
69,70
70,71
71,72
72,73
73,74
74,75
75,76
76,77
77,78
78,79
79,80
80,81
81,82
82,83
83,84
84,85
85,86
86,87
87,88
88,89
89,90
90,91
91,92
92,93
93,94
94,95
95,96
96,97
97,98
98,99
99,100
100,101
101,102
102,103
103,104
104,105
105,106
106,107
107,108
108,109
109,110
110,111
111,112
112,113
113,114
114,115
115,116
116,117
117,118
118,119
119,120
120,121
121,122
122,123
123,124
124,57
168
-45.0,14.5:2
0.75,0.25,0.5,1,-2.64765128467,0.484477929037
1.0,0.5,0.5,1,0.484477929037,-2.64765128467
-30.0,21.5:2
0.75,0.25,0.5,1,2.6344941492,-0.507098504392
0.5,0.5,1.0,1.0,-0.507098504392,2.6344941492
-30.827027027,21.9594594595:6
0.75,0.25,0.5,1,-2.65711472455,-2.65711472455
0.75,0.25,0.5,1,-2.65711472455,-0.507098504392
0.5,0.5,1.0,1.0,-0.507098504392,-0.507098504392
0.5,0.5,1.0,1,-0.507098504392,0.484477929037
1,1,1,0,0.484477929037,2.6344941492
1.0,0.5,0.5,1,2.6344941492,-2.65711472455
-203.5,-137.0:2
0.5,0.5,1.0,1,-1.57079632679,1.57079632679
1,1,1,0,1.57079632679,-1.57079632679
-203.5,-139.0:2
0.5,0.5,1.0,1,-0.00709207967432,1.57079632679
1,1,1,0,1.57079632679,-0.00709207967432
-133.0,-139.5:2
0.5,0.5,1.0,1,0.52479577165,3.13450057392
1,1,1,0,3.13450057392,0.52479577165
-203.5,-135.0:2
0.5,0.5,1.0,1,-1.57079632679,1.56316288728
1,1,1,0,1.56316288728,-1.57079632679
-203.5,-137.0:2
0.5,0.5,1.0,1,-1.57079632679,1.57079632679
1,1,1,0,1.57079632679,-1.57079632679
-133.0,-139.5:2
0.5,0.5,1.0,1,0.52479577165,3.13450057392
1,1,1,0,3.13450057392,0.52479577165
-39.0,26.5:2
1.0,0.5,0.5,1,2.6344941492,-0.507098504392
1,1,1,0,-0.507098504392,2.6344941492
-45.0,14.5:2
0.75,0.25,0.5,1,-2.64765128467,0.484477929037
1.0,0.5,0.5,1,0.484477929037,-2.64765128467
-30.827027027,21.9594594595:6
0.75,0.25,0.5,1,-2.65711472455,-2.65711472455
0.75,0.25,0.5,1,-2.65711472455,-0.507098504392
0.5,0.5,1.0,1.0,-0.507098504392,-0.507098504392
0.5,0.5,1.0,1,-0.507098504392,0.484477929037
1,1,1,0,0.484477929037,2.6344941492
1.0,0.5,0.5,1,2.6344941492,-2.65711472455
-163.5,-44.0:2
0.5,0.5,1.0,1,-2.55795683451,0.528074448426
1,1,1,0,0.528074448426,-2.55795683451
-190.0,-61.5:2
0.5,0.5,1.0,1,-2.60117315332,0.583635819077
1,1,1,0,0.583635819077,-2.60117315332
-133.0,-139.5:2
0.5,0.5,1.0,1,0.52479577165,3.13450057392
1,1,1,0,3.13450057392,0.52479577165
-163.5,-44.0:2
0.5,0.5,1.0,1,-2.55795683451,0.528074448426
1,1,1,0,0.528074448426,-2.55795683451
-133.0,-139.5:2
0.5,0.5,1.0,1,0.52479577165,3.13450057392
1,1,1,0,3.13450057392,0.52479577165
-114.0,-128.5:2
0.5,0.5,1.0,1,0.588002603548,-2.61679688194
1,1,1,0,-2.61679688194,0.588002603548
-197.5,-67.0:2
0.5,0.5,1.0,1,-2.60117315332,0.674740942224
1,1,1,0,0.674740942224,-2.60117315332
-203.5,-135.0:2
0.5,0.5,1.0,1,-1.57079632679,1.56316288728
1,1,1,0,1.56316288728,-1.57079632679
-133.0,-139.5:2
0.5,0.5,1.0,1,0.52479577165,3.13450057392
1,1,1,0,3.13450057392,0.52479577165
-111.0,-126.5:2
0.5,0.5,1.0,1,0.588002603548,-2.55359005004
1,1,1,0,-2.55359005004,0.588002603548
-163.5,-44.0:2
0.5,0.5,1.0,1,-2.55795683451,0.528074448426
1,1,1,0,0.528074448426,-2.55795683451
-114.0,-128.5:2
0.5,0.5,1.0,1,0.588002603548,-2.61679688194
1,1,1,0,-2.61679688194,0.588002603548
-203.0,-69.5:2
0.5,0.5,1.0,1,-1.57842976631,0.321750554397
1,1,1,0,0.321750554397,-1.57842976631
-203.5,-135.0:2
0.5,0.5,1.0,1,-1.57079632679,1.56316288728
1,1,1,0,1.56316288728,-1.57079632679
-201.5,-69.0:2
0.5,0.5,1.0,1,-2.81984209919,0.321750554397
1,1,1,0,0.321750554397,-2.81984209919
-200.0,-68.5:2
0.5,0.5,1.0,1,-2.81984209919,0.540419500271
1,1,1,0,0.540419500271,-2.81984209919
-203.5,-135.0:2
0.5,0.5,1.0,1,-1.57079632679,1.56316288728
1,1,1,0,1.56316288728,-1.57079632679
-197.5,-67.0:2
0.5,0.5,1.0,1,-2.60117315332,0.674740942224
1,1,1,0,0.674740942224,-2.60117315332
-203.5,-135.0:2
0.5,0.5,1.0,1,-1.57079632679,1.56316288728
1,1,1,0,1.56316288728,-1.57079632679
-200.0,-68.5:2
0.5,0.5,1.0,1,-2.81984209919,0.540419500271
1,1,1,0,0.540419500271,-2.81984209919
-201.5,-69.0:2
0.5,0.5,1.0,1,-2.81984209919,0.321750554397
1,1,1,0,0.321750554397,-2.81984209919
-105.0,-122.5:2
0.5,0.5,1.0,1,0.588002603548,-2.55359005004
1,1,1,0,-2.55359005004,0.588002603548
-111.5,-43.0:2
0.75,0.25,0.5,1,-0.507098504392,2.6344941492
0.5,0.5,1.0,1.0,2.6344941492,-0.507098504392
-108.0,-124.5:2
0.5,0.5,1.0,1,0.588002603548,-2.55359005004
1,1,1,0,-2.55359005004,0.588002603548
-192.5,-63.0:2
0.5,0.5,1.0,1,-2.46685171137,0.540419500271
1,1,1,0,0.540419500271,-2.46685171137
-197.5,-67.0:2
0.5,0.5,1.0,1,-2.60117315332,0.674740942224
1,1,1,0,0.674740942224,-2.60117315332
-190.0,-61.5:2
0.5,0.5,1.0,1,-2.60117315332,0.583635819077
1,1,1,0,0.583635819077,-2.60117315332
-102.5,-48.0:2
0.75,0.25,0.5,1,-0.507098504392,2.6344941492
0.5,0.5,1.0,1.0,2.6344941492,-0.507098504392
-105.0,-122.5:2
0.5,0.5,1.0,1,0.588002603548,-2.55359005004
1,1,1,0,-2.55359005004,0.588002603548
-102.0,-120.5:2
0.5,0.5,1.0,1,0.588002603548,-2.55359005004
1,1,1,0,-2.55359005004,0.588002603548
-197.5,-67.0:2
0.5,0.5,1.0,1,-2.60117315332,0.674740942224
1,1,1,0,0.674740942224,-2.60117315332
-133.0,-139.5:2
0.5,0.5,1.0,1,0.52479577165,3.13450057392
1,1,1,0,3.13450057392,0.52479577165
-190.0,-61.5:2
0.5,0.5,1.0,1,-2.60117315332,0.583635819077
1,1,1,0,0.583635819077,-2.60117315332
-111.5,-43.0:2
0.75,0.25,0.5,1,-0.507098504392,2.6344941492
0.5,0.5,1.0,1.0,2.6344941492,-0.507098504392
-111.0,-126.5:2
0.5,0.5,1.0,1,0.588002603548,-2.55359005004
1,1,1,0,-2.55359005004,0.588002603548
-108.0,-124.5:2
0.5,0.5,1.0,1,0.588002603548,-2.55359005004
1,1,1,0,-2.55359005004,0.588002603548
54.0,-40.5:2
0.75,0.25,0.5,1,0.548549402451,-2.6344941492
1.0,0.5,0.5,1,-2.6344941492,0.548549402451
84.5,-47.0:2
1.0,0.5,0.5,1,2.60719717684,-0.479519291993
1,1,1,0,-0.479519291993,2.60719717684
63.602262017,-34.6319509896:6
0.75,0.25,0.5,1,-2.59304325114,-2.59304325114
1.0,0.5,0.5,1,-2.59304325114,-0.534395476754
1,1,1,0,-0.534395476754,0.548549402451
0.5,0.5,1.0,1,0.548549402451,2.60719717684
0.75,0.25,0.5,1,2.60719717684,2.60719717684
0.75,0.25,0.5,1,2.60719717684,-2.59304325114
-92.5,-115.0:2
0.5,0.5,1.0,1,0.528074448426,-2.64765128467
1,1,1,0,-2.64765128467,0.528074448426
-93.5,-53.0:2
0.75,0.25,0.5,1,-0.566729217523,2.6344941492
0.5,0.5,1.0,1.0,2.6344941492,-0.566729217523
-99.0,-118.5:2
0.5,0.5,1.0,1,0.49394136892,-2.55359005004
1,1,1,0,-2.55359005004,0.49394136892
-80.5,-108.0:2
0.5,0.5,1.0,1,0.456844992846,-2.61351820516
1,1,1,0,-2.61351820516,0.456844992846
-51.0,-93.5:2
0.5,0.5,1.0,1,0.432407775571,-2.68474766074
1,1,1,0,-2.68474766074,0.432407775571
-57.5,-75.0:2
0.75,0.25,0.5,1,-0.574304830175,2.61679688194
0.5,0.5,1.0,1.0,2.61679688194,-0.574304830175
-85.0,-58.5:2
0.75,0.25,0.5,1,-0.49394136892,2.55359005004
0.5,0.5,1.0,1.0,2.55359005004,-0.49394136892
-92.5,-115.0:2
0.5,0.5,1.0,1,0.528074448426,-2.64765128467
1,1,1,0,-2.64765128467,0.528074448426
-80.5,-108.0:2
0.5,0.5,1.0,1,0.456844992846,-2.61351820516
1,1,1,0,-2.61351820516,0.456844992846
-24.5,-95.0:2
1.0,0.5,0.5,1,-0.574304830175,2.64765128467
1,1,1,0,2.64765128467,-0.574304830175
-16.0,-100.5:2
1.0,0.5,0.5,1,-0.49394136892,2.56728782342
1,1,1,0,2.56728782342,-0.49394136892
-22.0,-80.5:2
0.75,0.25,0.5,1,0.390607043698,-2.67794504459
1.0,0.5,0.5,1,-2.67794504459,0.390607043698
-31.0,-91.5:2
1.0,0.5,0.5,1,-0.49394136892,2.56728782342
1,1,1,0,2.56728782342,-0.49394136892
-24.5,-95.0:2
1.0,0.5,0.5,1,-0.574304830175,2.64765128467
1,1,1,0,2.64765128467,-0.574304830175
-28.0,-83.5:2
0.75,0.25,0.5,1,0.463647609001,-2.76108627648
1.0,0.5,0.5,1,-2.76108627648,0.463647609001
-51.0,-93.5:2
0.5,0.5,1.0,1,0.432407775571,-2.68474766074
1,1,1,0,-2.68474766074,0.432407775571
-38.0,-87.5:2
0.5,0.5,1.0,1,0.380506377112,-2.70918487802
1,1,1,0,-2.70918487802,0.380506377112
-39.5,-86.0:2
0.75,0.25,0.5,1,-0.574304830175,2.61679688194
0.5,0.5,1.0,1.0,2.61679688194,-0.574304830175
-72.0,-1.5:2
0.75,0.25,0.5,1,-2.75098560989,0.507098504392
1.0,0.5,0.5,1,0.507098504392,-2.75098560989
-78.5,-62.0:2
0.75,0.25,0.5,1,-0.577901936962,2.64765128467
0.5,0.5,1.0,1.0,2.64765128467,-0.577901936962
-67.0,-69.5:2
0.75,0.25,0.5,1,-0.52479577165,2.56369071663
0.5,0.5,1.0,1.0,2.56369071663,-0.52479577165
-67.0,-69.5:2
0.75,0.25,0.5,1,-0.52479577165,2.56369071663
0.5,0.5,1.0,1.0,2.56369071663,-0.52479577165
-80.5,-108.0:2
0.5,0.5,1.0,1,0.456844992846,-2.61351820516
1,1,1,0,-2.61351820516,0.456844992846
-57.5,-75.0:2
0.75,0.25,0.5,1,-0.574304830175,2.61679688194
0.5,0.5,1.0,1.0,2.61679688194,-0.574304830175
-72.0,-1.5:2
0.75,0.25,0.5,1,-2.75098560989,0.507098504392
1.0,0.5,0.5,1,0.507098504392,-2.75098560989
-85.0,-58.5:2
0.75,0.25,0.5,1,-0.49394136892,2.55359005004
0.5,0.5,1.0,1.0,2.55359005004,-0.49394136892
-78.5,-62.0:2
0.75,0.25,0.5,1,-0.577901936962,2.64765128467
0.5,0.5,1.0,1.0,2.64765128467,-0.577901936962
-85.0,-58.5:2
0.75,0.25,0.5,1,-0.49394136892,2.55359005004
0.5,0.5,1.0,1.0,2.55359005004,-0.49394136892
-80.5,-108.0:2
0.5,0.5,1.0,1,0.456844992846,-2.61351820516
1,1,1,0,-2.61351820516,0.456844992846
-78.5,-62.0:2
0.75,0.25,0.5,1,-0.577901936962,2.64765128467
0.5,0.5,1.0,1.0,2.64765128467,-0.577901936962
-63.0,3.5:2
0.75,0.25,0.5,1,-2.6344941492,0.588002603548
1.0,0.5,0.5,1,0.588002603548,-2.6344941492
-67.0,-69.5:2
0.75,0.25,0.5,1,-0.52479577165,2.56369071663
0.5,0.5,1.0,1.0,2.56369071663,-0.52479577165
-57.5,-75.0:2
0.75,0.25,0.5,1,-0.574304830175,2.61679688194
0.5,0.5,1.0,1.0,2.61679688194,-0.574304830175
-78.5,-62.0:2
0.75,0.25,0.5,1,-0.577901936962,2.64765128467
0.5,0.5,1.0,1.0,2.64765128467,-0.577901936962
-80.5,-108.0:2
0.5,0.5,1.0,1,0.456844992846,-2.61351820516
1,1,1,0,-2.61351820516,0.456844992846
-67.0,-69.5:2
0.75,0.25,0.5,1,-0.52479577165,2.56369071663
0.5,0.5,1.0,1.0,2.56369071663,-0.52479577165
-39.5,-86.0:2
0.75,0.25,0.5,1,-0.574304830175,2.61679688194
0.5,0.5,1.0,1.0,2.61679688194,-0.574304830175
-28.0,-83.5:2
0.75,0.25,0.5,1,0.463647609001,-2.76108627648
1.0,0.5,0.5,1,-2.76108627648,0.463647609001
-49.0,-80.5:2
0.75,0.25,0.5,1,-0.52479577165,2.56728782342
0.5,0.5,1.0,1.0,2.56728782342,-0.52479577165
-37.4943820225,-87.297752809:6
1,1,1,0,-2.76108627648,-0.574304830175
1.0,0.5,0.5,1,-0.574304830175,0.380506377112
1.0,0.5,0.5,1,0.380506377112,0.380506377112
0.75,0.25,0.5,1,0.380506377112,2.56728782342
0.75,0.25,0.5,1,2.56728782342,2.56728782342
0.5,0.5,1.0,1.0,2.56728782342,-2.76108627648
-39.5,-86.0:2
0.75,0.25,0.5,1,-0.574304830175,2.61679688194
0.5,0.5,1.0,1.0,2.61679688194,-0.574304830175
-38.0,-87.5:2
0.5,0.5,1.0,1,0.380506377112,-2.70918487802
1,1,1,0,-2.70918487802,0.380506377112
-49.0,-80.5:2
0.75,0.25,0.5,1,-0.52479577165,2.56728782342
0.5,0.5,1.0,1.0,2.56728782342,-0.52479577165
-22.0,-80.5:2
0.75,0.25,0.5,1,0.390607043698,-2.67794504459
1.0,0.5,0.5,1,-2.67794504459,0.390607043698
-57.5,-75.0:2
0.75,0.25,0.5,1,-0.574304830175,2.61679688194
0.5,0.5,1.0,1.0,2.61679688194,-0.574304830175
-22.0,-80.5:2
0.75,0.25,0.5,1,0.390607043698,-2.67794504459
1.0,0.5,0.5,1,-2.67794504459,0.390607043698
-49.0,-80.5:2
0.75,0.25,0.5,1,-0.52479577165,2.56728782342
0.5,0.5,1.0,1.0,2.56728782342,-0.52479577165
-28.0,-83.5:2
0.75,0.25,0.5,1,0.463647609001,-2.76108627648
1.0,0.5,0.5,1,-2.76108627648,0.463647609001
-28.0,-83.5:2
0.75,0.25,0.5,1,0.463647609001,-2.76108627648
1.0,0.5,0.5,1,-2.76108627648,0.463647609001
-24.5,-95.0:2
1.0,0.5,0.5,1,-0.574304830175,2.64765128467
1,1,1,0,2.64765128467,-0.574304830175
-22.0,-80.5:2
0.75,0.25,0.5,1,0.390607043698,-2.67794504459
1.0,0.5,0.5,1,-2.67794504459,0.390607043698
-39.5,-86.0:2
0.75,0.25,0.5,1,-0.574304830175,2.61679688194
0.5,0.5,1.0,1.0,2.61679688194,-0.574304830175
-49.0,-80.5:2
0.75,0.25,0.5,1,-0.52479577165,2.56728782342
0.5,0.5,1.0,1.0,2.56728782342,-0.52479577165
-51.0,-93.5:2
0.5,0.5,1.0,1,0.432407775571,-2.68474766074
1,1,1,0,-2.68474766074,0.432407775571
-51.0,-93.5:2
0.5,0.5,1.0,1,0.432407775571,-2.68474766074
1,1,1,0,-2.68474766074,0.432407775571
-49.0,-80.5:2
0.75,0.25,0.5,1,-0.52479577165,2.56728782342
0.5,0.5,1.0,1.0,2.56728782342,-0.52479577165
-57.5,-75.0:2
0.75,0.25,0.5,1,-0.574304830175,2.61679688194
0.5,0.5,1.0,1.0,2.61679688194,-0.574304830175
-57.5,-75.0:2
0.75,0.25,0.5,1,-0.574304830175,2.61679688194
0.5,0.5,1.0,1.0,2.61679688194,-0.574304830175
-22.0,-80.5:2
0.75,0.25,0.5,1,0.390607043698,-2.67794504459
1.0,0.5,0.5,1,-2.67794504459,0.390607043698
-60.0,5.5:2
0.75,0.25,0.5,1,-2.55359005004,0.574304830175
1.0,0.5,0.5,1,0.574304830175,-2.55359005004
-60.0,5.5:2
0.75,0.25,0.5,1,-2.55359005004,0.574304830175
1.0,0.5,0.5,1,0.574304830175,-2.55359005004
-22.0,-80.5:2
0.75,0.25,0.5,1,0.390607043698,-2.67794504459
1.0,0.5,0.5,1,-2.67794504459,0.390607043698
-5.0,-73.5:2
0.75,0.25,0.5,1,0.49394136892,-2.75098560989
1.0,0.5,0.5,1,-2.75098560989,0.49394136892
-102.0,-120.5:2
0.5,0.5,1.0,1,0.588002603548,-2.55359005004
1,1,1,0,-2.55359005004,0.588002603548
-99.0,-118.5:2
0.5,0.5,1.0,1,0.49394136892,-2.55359005004
1,1,1,0,-2.55359005004,0.49394136892
-102.5,-48.0:2
0.75,0.25,0.5,1,-0.507098504392,2.6344941492
0.5,0.5,1.0,1.0,2.6344941492,-0.507098504392
-88.0,-56.5:2
0.75,0.25,0.5,1,-0.588002603548,2.57486343607
0.5,0.5,1.0,1.0,2.57486343607,-0.588002603548
-92.5,-115.0:2
0.5,0.5,1.0,1,0.528074448426,-2.64765128467
1,1,1,0,-2.64765128467,0.528074448426
-85.0,-58.5:2
0.75,0.25,0.5,1,-0.49394136892,2.55359005004
0.5,0.5,1.0,1.0,2.55359005004,-0.49394136892
-163.5,-44.0:2
0.5,0.5,1.0,1,-2.55795683451,0.528074448426
1,1,1,0,0.528074448426,-2.55795683451
-120.5,-38.0:2
0.75,0.25,0.5,1,-0.507098504392,2.55563503697
0.5,0.5,1.0,1.0,2.55563503697,-0.507098504392
-151.5,-37.0:2
0.5,0.5,1.0,1,-2.61351820516,0.433353849082
1,1,1,0,0.433353849082,-2.61351820516
-120.5,-38.0:2
0.75,0.25,0.5,1,-0.507098504392,2.55563503697
0.5,0.5,1.0,1.0,2.55563503697,-0.507098504392
-163.5,-44.0:2
0.5,0.5,1.0,1,-2.55795683451,0.528074448426
1,1,1,0,0.528074448426,-2.55795683451
-111.5,-43.0:2
0.75,0.25,0.5,1,-0.507098504392,2.6344941492
0.5,0.5,1.0,1.0,2.6344941492,-0.507098504392
-151.5,-37.0:2
0.5,0.5,1.0,1,-2.61351820516,0.433353849082
1,1,1,0,0.433353849082,-2.61351820516
-120.5,-38.0:2
0.75,0.25,0.5,1,-0.507098504392,2.55563503697
0.5,0.5,1.0,1.0,2.55563503697,-0.507098504392
-134.121482176,-28.9591932458:6
0.5,0.5,1.0,1,-2.70823880451,-0.585957616623
0.75,0.25,0.5,1,-0.585957616623,-0.585957616623
0.75,0.25,0.5,1,-0.585957616623,0.433353849082
0.75,0.25,0.5,1,0.433353849082,0.433353849082
1.0,0.5,0.5,1,0.433353849082,2.55563503697
1,1,1,0,2.55563503697,-2.70823880451
-111.5,-43.0:2
0.75,0.25,0.5,1,-0.507098504392,2.6344941492
0.5,0.5,1.0,1.0,2.6344941492,-0.507098504392
-102.5,-48.0:2
0.75,0.25,0.5,1,-0.507098504392,2.6344941492
0.5,0.5,1.0,1.0,2.6344941492,-0.507098504392
-105.0,-15.5:2
0.75,0.25,0.5,1,-2.70918487802,0.463647609001
1.0,0.5,0.5,1,0.463647609001,-2.70918487802
-111.5,-43.0:2
0.75,0.25,0.5,1,-0.507098504392,2.6344941492
0.5,0.5,1.0,1.0,2.6344941492,-0.507098504392
-163.5,-44.0:2
0.5,0.5,1.0,1,-2.55795683451,0.528074448426
1,1,1,0,0.528074448426,-2.55795683451
-111.0,-126.5:2
0.5,0.5,1.0,1,0.588002603548,-2.55359005004
1,1,1,0,-2.55359005004,0.588002603548
-118.0,-21.5:2
0.75,0.25,0.5,1,-2.70823880451,0.432407775571
1.0,0.5,0.5,1,0.432407775571,-2.70823880451
-105.0,-15.5:2
0.75,0.25,0.5,1,-2.70918487802,0.463647609001
1.0,0.5,0.5,1,0.463647609001,-2.70918487802
-110.0,74.5:2
1.0,0.5,0.5,1,2.42750195498,-0.606382886376
1,1,1,0,-0.606382886376,2.42750195498
-105.0,-15.5:2
0.75,0.25,0.5,1,-2.70918487802,0.463647609001
1.0,0.5,0.5,1,0.463647609001,-2.70918487802
-118.0,-21.5:2
0.75,0.25,0.5,1,-2.70823880451,0.432407775571
1.0,0.5,0.5,1,0.432407775571,-2.70823880451
-111.5,-43.0:2
0.75,0.25,0.5,1,-0.507098504392,2.6344941492
0.5,0.5,1.0,1.0,2.6344941492,-0.507098504392
-105.0,-15.5:2
0.75,0.25,0.5,1,-2.70918487802,0.463647609001
1.0,0.5,0.5,1,0.463647609001,-2.70918487802
-99.0,-12.5:2
0.75,0.25,0.5,1,-2.67794504459,0.380506377112
1.0,0.5,0.5,1,0.380506377112,-2.67794504459
-110.0,74.5:2
1.0,0.5,0.5,1,2.42750195498,-0.606382886376
1,1,1,0,-0.606382886376,2.42750195498
-111.5,-43.0:2
0.75,0.25,0.5,1,-0.507098504392,2.6344941492
0.5,0.5,1.0,1.0,2.6344941492,-0.507098504392
-118.0,-21.5:2
0.75,0.25,0.5,1,-2.70823880451,0.432407775571
1.0,0.5,0.5,1,0.432407775571,-2.70823880451
-120.5,-38.0:2
0.75,0.25,0.5,1,-0.507098504392,2.55563503697
0.5,0.5,1.0,1.0,2.55563503697,-0.507098504392
-102.5,-48.0:2
0.75,0.25,0.5,1,-0.507098504392,2.6344941492
0.5,0.5,1.0,1.0,2.6344941492,-0.507098504392
-111.5,-43.0:2
0.75,0.25,0.5,1,-0.507098504392,2.6344941492
0.5,0.5,1.0,1.0,2.6344941492,-0.507098504392
-105.0,-122.5:2
0.5,0.5,1.0,1,0.588002603548,-2.55359005004
1,1,1,0,-2.55359005004,0.588002603548
-192.5,16.0:2
1.0,0.5,0.5,1,-1.03037682652,1.57079632679
1,1,1,0,1.57079632679,-1.03037682652
-189.5,11.0:2
1.0,0.5,0.5,1,-0.743755584299,2.11121582707
1,1,1,0,2.11121582707,-0.743755584299
-192.5,18.0:2
1.0,0.5,0.5,1,-1.57079632679,1.54857776147
1,1,1,0,1.54857776147,-1.57079632679
-122.5,85.0:2
1.0,0.5,0.5,1,3.13429351315,-0.674740942224
1,1,1,0,-0.674740942224,3.13429351315
-191.0,85.5:2
1.0,0.5,0.5,1,-1.59301489212,-0.0072991404437
1,1,1,0,-0.0072991404437,-1.59301489212
-192.5,18.0:2
1.0,0.5,0.5,1,-1.57079632679,1.54857776147
1,1,1,0,1.54857776147,-1.57079632679
-192.5,18.0:2
1.0,0.5,0.5,1,-1.57079632679,1.54857776147
1,1,1,0,1.54857776147,-1.57079632679
-189.5,11.0:2
1.0,0.5,0.5,1,-0.743755584299,2.11121582707
1,1,1,0,2.11121582707,-0.743755584299
-177.0,-0.5:2
1.0,0.5,0.5,1,-0.585957616623,2.39783706929
1,1,1,0,2.39783706929,-0.585957616623
-177.0,-0.5:2
1.0,0.5,0.5,1,-0.585957616623,2.39783706929
1,1,1,0,2.39783706929,-0.585957616623
-110.0,74.5:2
1.0,0.5,0.5,1,2.42750195498,-0.606382886376
1,1,1,0,-0.606382886376,2.42750195498
-117.5,81.0:2
1.0,0.5,0.5,1,2.46685171137,-0.714090698612
1,1,1,0,-0.714090698612,2.46685171137
-110.0,74.5:2
1.0,0.5,0.5,1,2.42750195498,-0.606382886376
1,1,1,0,-0.606382886376,2.42750195498
-177.0,-0.5:2
1.0,0.5,0.5,1,-0.585957616623,2.39783706929
1,1,1,0,2.39783706929,-0.585957616623
-118.0,-21.5:2
0.75,0.25,0.5,1,-2.70823880451,0.432407775571
1.0,0.5,0.5,1,0.432407775571,-2.70823880451
-122.5,85.0:2
1.0,0.5,0.5,1,3.13429351315,-0.674740942224
1,1,1,0,-0.674740942224,3.13429351315
-192.5,18.0:2
1.0,0.5,0.5,1,-1.57079632679,1.54857776147
1,1,1,0,1.54857776147,-1.57079632679
-117.5,81.0:2
1.0,0.5,0.5,1,2.46685171137,-0.714090698612
1,1,1,0,-0.714090698612,2.46685171137
-117.5,81.0:2
1.0,0.5,0.5,1,2.46685171137,-0.714090698612
1,1,1,0,-0.714090698612,2.46685171137
-192.5,18.0:2
1.0,0.5,0.5,1,-1.57079632679,1.54857776147
1,1,1,0,1.54857776147,-1.57079632679
-177.0,-0.5:2
1.0,0.5,0.5,1,-0.585957616623,2.39783706929
1,1,1,0,2.39783706929,-0.585957616623
-28.0,-83.5:2
0.75,0.25,0.5,1,0.463647609001,-2.76108627648
1.0,0.5,0.5,1,-2.76108627648,0.463647609001
-39.5,-86.0:2
0.75,0.25,0.5,1,-0.574304830175,2.61679688194
0.5,0.5,1.0,1.0,2.61679688194,-0.574304830175
-37.4943820225,-87.297752809:6
1,1,1,0,-2.76108627648,-0.574304830175
1.0,0.5,0.5,1,-0.574304830175,0.380506377112
1.0,0.5,0.5,1,0.380506377112,0.380506377112
0.75,0.25,0.5,1,0.380506377112,2.56728782342
0.75,0.25,0.5,1,2.56728782342,2.56728782342
0.5,0.5,1.0,1.0,2.56728782342,-2.76108627648
-105.0,-15.5:2
0.75,0.25,0.5,1,-2.70918487802,0.463647609001
1.0,0.5,0.5,1,0.463647609001,-2.70918487802
-102.5,-48.0:2
0.75,0.25,0.5,1,-0.507098504392,2.6344941492
0.5,0.5,1.0,1.0,2.6344941492,-0.507098504392
-99.0,-12.5:2
0.75,0.25,0.5,1,-2.67794504459,0.380506377112
1.0,0.5,0.5,1,0.380506377112,-2.67794504459
-93.5,-53.0:2
0.75,0.25,0.5,1,-0.566729217523,2.6344941492
0.5,0.5,1.0,1.0,2.6344941492,-0.566729217523
-88.0,-56.5:2
0.75,0.25,0.5,1,-0.588002603548,2.57486343607
0.5,0.5,1.0,1.0,2.57486343607,-0.588002603548
-89.0,-8.5:2
0.75,0.25,0.5,1,-2.76108627648,0.390607043698
1.0,0.5,0.5,1,0.390607043698,-2.76108627648
-102.5,-48.0:2
0.75,0.25,0.5,1,-0.507098504392,2.6344941492
0.5,0.5,1.0,1.0,2.6344941492,-0.507098504392
-99.0,-118.5:2
0.5,0.5,1.0,1,0.49394136892,-2.55359005004
1,1,1,0,-2.55359005004,0.49394136892
-93.5,-53.0:2
0.75,0.25,0.5,1,-0.566729217523,2.6344941492
0.5,0.5,1.0,1.0,2.6344941492,-0.566729217523
-89.0,-8.5:2
0.75,0.25,0.5,1,-2.76108627648,0.390607043698
1.0,0.5,0.5,1,0.390607043698,-2.76108627648
-72.0,-1.5:2
0.75,0.25,0.5,1,-2.75098560989,0.507098504392
1.0,0.5,0.5,1,0.507098504392,-2.75098560989
-110.0,74.5:2
1.0,0.5,0.5,1,2.42750195498,-0.606382886376
1,1,1,0,-0.606382886376,2.42750195498
-89.0,-8.5:2
0.75,0.25,0.5,1,-2.76108627648,0.390607043698
1.0,0.5,0.5,1,0.390607043698,-2.76108627648
-99.0,-12.5:2
0.75,0.25,0.5,1,-2.67794504459,0.380506377112
1.0,0.5,0.5,1,0.380506377112,-2.67794504459
-93.5,-53.0:2
0.75,0.25,0.5,1,-0.566729217523,2.6344941492
0.5,0.5,1.0,1.0,2.6344941492,-0.566729217523
-85.0,-58.5:2
0.75,0.25,0.5,1,-0.49394136892,2.55359005004
0.5,0.5,1.0,1.0,2.55359005004,-0.49394136892
-89.0,-8.5:2
0.75,0.25,0.5,1,-2.76108627648,0.390607043698
1.0,0.5,0.5,1,0.390607043698,-2.76108627648
-88.0,-56.5:2
0.75,0.25,0.5,1,-0.588002603548,2.57486343607
0.5,0.5,1.0,1.0,2.57486343607,-0.588002603548
-93.5,-53.0:2
0.75,0.25,0.5,1,-0.566729217523,2.6344941492
0.5,0.5,1.0,1.0,2.6344941492,-0.566729217523
-99.0,-12.5:2
0.75,0.25,0.5,1,-2.67794504459,0.380506377112
1.0,0.5,0.5,1,0.380506377112,-2.67794504459
-102.5,-48.0:2
0.75,0.25,0.5,1,-0.507098504392,2.6344941492
0.5,0.5,1.0,1.0,2.6344941492,-0.507098504392
-48.0,31.5:2
1.0,0.5,0.5,1,2.53520976721,-0.507098504392
1,1,1,0,-0.507098504392,2.53520976721
-72.0,-1.5:2
0.75,0.25,0.5,1,-2.75098560989,0.507098504392
1.0,0.5,0.5,1,0.507098504392,-2.75098560989
-63.0,3.5:2
0.75,0.25,0.5,1,-2.6344941492,0.588002603548
1.0,0.5,0.5,1,0.588002603548,-2.6344941492
-89.0,-8.5:2
0.75,0.25,0.5,1,-2.76108627648,0.390607043698
1.0,0.5,0.5,1,0.390607043698,-2.76108627648
-85.0,-58.5:2
0.75,0.25,0.5,1,-0.49394136892,2.55359005004
0.5,0.5,1.0,1.0,2.55359005004,-0.49394136892
-72.0,-1.5:2
0.75,0.25,0.5,1,-2.75098560989,0.507098504392
1.0,0.5,0.5,1,0.507098504392,-2.75098560989
-48.0,31.5:2
1.0,0.5,0.5,1,2.53520976721,-0.507098504392
1,1,1,0,-0.507098504392,2.53520976721
-63.0,3.5:2
0.75,0.25,0.5,1,-2.6344941492,0.588002603548
1.0,0.5,0.5,1,0.588002603548,-2.6344941492
-60.0,5.5:2
0.75,0.25,0.5,1,-2.55359005004,0.574304830175
1.0,0.5,0.5,1,0.574304830175,-2.55359005004
-60.0,5.5:2
0.75,0.25,0.5,1,-2.55359005004,0.574304830175
1.0,0.5,0.5,1,0.574304830175,-2.55359005004
-63.0,3.5:2
0.75,0.25,0.5,1,-2.6344941492,0.588002603548
1.0,0.5,0.5,1,0.588002603548,-2.6344941492
-57.5,-75.0:2
0.75,0.25,0.5,1,-0.574304830175,2.61679688194
0.5,0.5,1.0,1.0,2.61679688194,-0.574304830175
-51.5,11.0:2
0.75,0.25,0.5,1,-2.56728782342,0.49394136892
1.0,0.5,0.5,1,0.49394136892,-2.56728782342
-9.0,9.5:2
0.75,0.25,0.5,1,2.64765128467,-0.577901936962
0.5,0.5,1.0,1.0,-0.577901936962,2.64765128467
-15.5,13.0:2
0.75,0.25,0.5,1,2.57486343607,-0.49394136892
0.5,0.5,1.0,1.0,-0.49394136892,2.57486343607
-48.0,31.5:2
1.0,0.5,0.5,1,2.53520976721,-0.507098504392
1,1,1,0,-0.507098504392,2.53520976721
-110.0,74.5:2
1.0,0.5,0.5,1,2.42750195498,-0.606382886376
1,1,1,0,-0.606382886376,2.42750195498
-72.0,-1.5:2
0.75,0.25,0.5,1,-2.75098560989,0.507098504392
1.0,0.5,0.5,1,0.507098504392,-2.75098560989
-72.0,-1.5:2
0.75,0.25,0.5,1,-2.75098560989,0.507098504392
1.0,0.5,0.5,1,0.507098504392,-2.75098560989
-67.0,-69.5:2
0.75,0.25,0.5,1,-0.52479577165,2.56369071663
0.5,0.5,1.0,1.0,2.56369071663,-0.52479577165
-63.0,3.5:2
0.75,0.25,0.5,1,-2.6344941492,0.588002603548
1.0,0.5,0.5,1,0.588002603548,-2.6344941492
-51.5,11.0:2
0.75,0.25,0.5,1,-2.56728782342,0.49394136892
1.0,0.5,0.5,1,0.49394136892,-2.56728782342
-48.0,31.5:2
1.0,0.5,0.5,1,2.53520976721,-0.507098504392
1,1,1,0,-0.507098504392,2.53520976721
-60.0,5.5:2
0.75,0.25,0.5,1,-2.55359005004,0.574304830175
1.0,0.5,0.5,1,0.574304830175,-2.55359005004
-30.0,21.5:2
0.75,0.25,0.5,1,2.6344941492,-0.507098504392
0.5,0.5,1.0,1.0,-0.507098504392,2.6344941492
-26.0,24.5:2
0.5,0.5,1.0,1,-2.65711472455,0.528074448426
1,1,1,0,0.528074448426,-2.65711472455
-30.827027027,21.9594594595:6
0.75,0.25,0.5,1,-2.65711472455,-2.65711472455
0.75,0.25,0.5,1,-2.65711472455,-0.507098504392
0.5,0.5,1.0,1.0,-0.507098504392,-0.507098504392
0.5,0.5,1.0,1,-0.507098504392,0.484477929037
1,1,1,0,0.484477929037,2.6344941492
1.0,0.5,0.5,1,2.6344941492,-2.65711472455
-30.0,21.5:2
0.75,0.25,0.5,1,2.6344941492,-0.507098504392
0.5,0.5,1.0,1.0,-0.507098504392,2.6344941492
-45.0,14.5:2
0.75,0.25,0.5,1,-2.64765128467,0.484477929037
1.0,0.5,0.5,1,0.484477929037,-2.64765128467
-21.0,16.5:2
0.75,0.25,0.5,1,2.6344941492,-0.566729217524
0.5,0.5,1.0,1.0,-0.566729217524,2.6344941492
-39.0,26.5:2
1.0,0.5,0.5,1,2.6344941492,-0.507098504392
1,1,1,0,-0.507098504392,2.6344941492
-48.0,31.5:2
1.0,0.5,0.5,1,2.53520976721,-0.507098504392
1,1,1,0,-0.507098504392,2.53520976721
-45.0,14.5:2
0.75,0.25,0.5,1,-2.64765128467,0.484477929037
1.0,0.5,0.5,1,0.484477929037,-2.64765128467
-45.0,14.5:2
0.75,0.25,0.5,1,-2.64765128467,0.484477929037
1.0,0.5,0.5,1,0.484477929037,-2.64765128467
-48.0,31.5:2
1.0,0.5,0.5,1,2.53520976721,-0.507098504392
1,1,1,0,-0.507098504392,2.53520976721
-51.5,11.0:2
0.75,0.25,0.5,1,-2.56728782342,0.49394136892
1.0,0.5,0.5,1,0.49394136892,-2.56728782342
-21.0,16.5:2
0.75,0.25,0.5,1,2.6344941492,-0.566729217524
0.5,0.5,1.0,1.0,-0.566729217524,2.6344941492
-15.5,13.0:2
0.75,0.25,0.5,1,2.57486343607,-0.49394136892
0.5,0.5,1.0,1.0,-0.49394136892,2.57486343607
-14.0,31.5:2
0.5,0.5,1.0,1,-2.61351820516,0.566729217524
1,1,1,0,0.566729217524,-2.61351820516
-15.5,13.0:2
0.75,0.25,0.5,1,2.57486343607,-0.49394136892
0.5,0.5,1.0,1.0,-0.49394136892,2.57486343607
-21.0,16.5:2
0.75,0.25,0.5,1,2.6344941492,-0.566729217524
0.5,0.5,1.0,1.0,-0.566729217524,2.6344941492
-45.0,14.5:2
0.75,0.25,0.5,1,-2.64765128467,0.484477929037
1.0,0.5,0.5,1,0.484477929037,-2.64765128467
-14.0,31.5:2
0.5,0.5,1.0,1,-2.61351820516,0.566729217524
1,1,1,0,0.566729217524,-2.61351820516
-26.0,24.5:2
0.5,0.5,1.0,1,-2.65711472455,0.528074448426
1,1,1,0,0.528074448426,-2.65711472455
-21.0,16.5:2
0.75,0.25,0.5,1,2.6344941492,-0.566729217524
0.5,0.5,1.0,1.0,-0.566729217524,2.6344941492
-14.0,31.5:2
0.5,0.5,1.0,1,-2.61351820516,0.566729217524
1,1,1,0,0.566729217524,-2.61351820516
-15.5,13.0:2
0.75,0.25,0.5,1,2.57486343607,-0.49394136892
0.5,0.5,1.0,1.0,-0.49394136892,2.57486343607
-9.0,9.5:2
0.75,0.25,0.5,1,2.64765128467,-0.577901936962
0.5,0.5,1.0,1.0,-0.577901936962,2.64765128467
-21.0,16.5:2
0.75,0.25,0.5,1,2.6344941492,-0.566729217524
0.5,0.5,1.0,1.0,-0.566729217524,2.6344941492
-26.0,24.5:2
0.5,0.5,1.0,1,-2.65711472455,0.528074448426
1,1,1,0,0.528074448426,-2.65711472455
-30.0,21.5:2
0.75,0.25,0.5,1,2.6344941492,-0.507098504392
0.5,0.5,1.0,1.0,-0.507098504392,2.6344941492
-45.0,14.5:2
0.75,0.25,0.5,1,-2.64765128467,0.484477929037
1.0,0.5,0.5,1,0.484477929037,-2.64765128467
-51.5,11.0:2
0.75,0.25,0.5,1,-2.56728782342,0.49394136892
1.0,0.5,0.5,1,0.49394136892,-2.56728782342
-15.5,13.0:2
0.75,0.25,0.5,1,2.57486343607,-0.49394136892
0.5,0.5,1.0,1.0,-0.49394136892,2.57486343607
-60.0,5.5:2
0.75,0.25,0.5,1,-2.55359005004,0.574304830175
1.0,0.5,0.5,1,0.574304830175,-2.55359005004
-9.0,9.5:2
0.75,0.25,0.5,1,2.64765128467,-0.577901936962
0.5,0.5,1.0,1.0,-0.577901936962,2.64765128467
-51.5,11.0:2
0.75,0.25,0.5,1,-2.56728782342,0.49394136892
1.0,0.5,0.5,1,0.49394136892,-2.56728782342
-89.0,-8.5:2
0.75,0.25,0.5,1,-2.76108627648,0.390607043698
1.0,0.5,0.5,1,0.390607043698,-2.76108627648
-110.0,74.5:2
1.0,0.5,0.5,1,2.42750195498,-0.606382886376
1,1,1,0,-0.606382886376,2.42750195498
-99.0,-12.5:2
0.75,0.25,0.5,1,-2.67794504459,0.380506377112
1.0,0.5,0.5,1,0.380506377112,-2.67794504459
-92.5,-115.0:2
0.5,0.5,1.0,1,0.528074448426,-2.64765128467
1,1,1,0,-2.64765128467,0.528074448426
-88.0,-56.5:2
0.75,0.25,0.5,1,-0.588002603548,2.57486343607
0.5,0.5,1.0,1.0,2.57486343607,-0.588002603548
-93.5,-53.0:2
0.75,0.25,0.5,1,-0.566729217523,2.6344941492
0.5,0.5,1.0,1.0,2.6344941492,-0.566729217523
-5.0,-73.5:2
0.75,0.25,0.5,1,0.49394136892,-2.75098560989
1.0,0.5,0.5,1,-2.75098560989,0.49394136892
-22.0,-80.5:2
0.75,0.25,0.5,1,0.390607043698,-2.67794504459
1.0,0.5,0.5,1,-2.67794504459,0.390607043698
-16.0,-100.5:2
1.0,0.5,0.5,1,-0.49394136892,2.56728782342
1,1,1,0,2.56728782342,-0.49394136892
60.0,-32.5:2
0.75,0.25,0.5,1,2.64765128467,-0.534395476754
0.5,0.5,1.0,1.0,-0.534395476754,2.64765128467
54.0,-40.5:2
0.75,0.25,0.5,1,0.548549402451,-2.6344941492
1.0,0.5,0.5,1,-2.6344941492,0.548549402451
63.602262017,-34.6319509896:6
0.75,0.25,0.5,1,-2.59304325114,-2.59304325114
1.0,0.5,0.5,1,-2.59304325114,-0.534395476754
1,1,1,0,-0.534395476754,0.548549402451
0.5,0.5,1.0,1,0.548549402451,2.60719717684
0.75,0.25,0.5,1,2.60719717684,2.60719717684
0.75,0.25,0.5,1,2.60719717684,-2.59304325114
39.0,-131.5:2
1.0,0.5,0.5,1,-0.49394136892,2.6344941492
1,1,1,0,2.6344941492,-0.49394136892
45.5,-135.0:2
1.0,0.5,0.5,1,-0.574304830175,2.64765128467
1,1,1,0,2.64765128467,-0.574304830175
84.5,-47.0:2
1.0,0.5,0.5,1,2.60719717684,-0.479519291993
1,1,1,0,-0.479519291993,2.60719717684
97.0,-53.5:2
1.0,0.5,0.5,1,2.6620733616,-0.507098504392
1,1,1,0,-0.507098504392,2.6620733616
45.5,-135.0:2
1.0,0.5,0.5,1,-0.574304830175,2.64765128467
1,1,1,0,2.64765128467,-0.574304830175
54.0,-140.5:2
1.0,0.5,0.5,1,-0.528074448426,2.56728782342
1,1,1,0,2.56728782342,-0.528074448426
130.0,-72.5:2
1.0,0.5,0.5,1,2.64765128467,-0.574304830175
1,1,1,0,-0.574304830175,2.64765128467
75.5,-153.0:2
1.0,0.5,0.5,1,-0.574304830175,2.64765128467
1,1,1,0,2.64765128467,-0.574304830175
84.0,-158.5:2
1.0,0.5,0.5,1,-0.588002603548,2.56728782342
1,1,1,0,2.56728782342,-0.588002603548
66.0,-147.5:2
1.0,0.5,0.5,1,-0.588002603548,2.61351820516
1,1,1,0,2.61351820516,-0.588002603548
69.0,-149.5:2
1.0,0.5,0.5,1,-0.49394136892,2.55359005004
1,1,1,0,2.55359005004,-0.49394136892
123.5,-69.0:2
1.0,0.5,0.5,1,2.61351820516,-0.49394136892
1,1,1,0,-0.49394136892,2.61351820516
123.5,-69.0:2
1.0,0.5,0.5,1,2.61351820516,-0.49394136892
1,1,1,0,-0.49394136892,2.61351820516
69.0,-149.5:2
1.0,0.5,0.5,1,-0.49394136892,2.55359005004
1,1,1,0,2.55359005004,-0.49394136892
75.5,-153.0:2
1.0,0.5,0.5,1,-0.574304830175,2.64765128467
1,1,1,0,2.64765128467,-0.574304830175
66.0,-147.5:2
1.0,0.5,0.5,1,-0.588002603548,2.61351820516
1,1,1,0,2.61351820516,-0.588002603548
111.5,-62.0:2
1.0,0.5,0.5,1,2.57486343607,-0.528074448426
1,1,1,0,-0.528074448426,2.57486343607
54.0,-140.5:2
1.0,0.5,0.5,1,-0.528074448426,2.56728782342
1,1,1,0,2.56728782342,-0.528074448426
-9.5,-104.0:2
1.0,0.5,0.5,1,-0.528074448426,2.64765128467
1,1,1,0,2.64765128467,-0.528074448426
2.5,-111.0:2
1.0,0.5,0.5,1,-0.516230670612,2.61351820516
1,1,1,0,2.61351820516,-0.516230670612
-5.0,-73.5:2
0.75,0.25,0.5,1,0.49394136892,-2.75098560989
1.0,0.5,0.5,1,-2.75098560989,0.49394136892
2.5,2.0:2
0.75,0.25,0.5,1,2.56369071663,-0.49394136892
0.5,0.5,1.0,1.0,-0.49394136892,2.56369071663
-5.0,-73.5:2
0.75,0.25,0.5,1,0.49394136892,-2.75098560989
1.0,0.5,0.5,1,-2.75098560989,0.49394136892
8.0,-66.5:2
0.75,0.25,0.5,1,0.588002603548,-2.64765128467
1.0,0.5,0.5,1,-2.64765128467,0.588002603548
8.0,-66.5:2
0.75,0.25,0.5,1,0.588002603548,-2.64765128467
1.0,0.5,0.5,1,-2.64765128467,0.588002603548
-5.0,-73.5:2
0.75,0.25,0.5,1,0.49394136892,-2.75098560989
1.0,0.5,0.5,1,-2.75098560989,0.49394136892
2.5,-111.0:2
1.0,0.5,0.5,1,-0.516230670612,2.61351820516
1,1,1,0,2.61351820516,-0.516230670612
2.5,-111.0:2
1.0,0.5,0.5,1,-0.516230670612,2.61351820516
1,1,1,0,2.61351820516,-0.516230670612
21.0,-121.5:2
1.0,0.5,0.5,1,-0.507098504392,2.62536198298
1,1,1,0,2.62536198298,-0.507098504392
8.0,-66.5:2
0.75,0.25,0.5,1,0.588002603548,-2.64765128467
1.0,0.5,0.5,1,-2.64765128467,0.588002603548
-5.0,-73.5:2
0.75,0.25,0.5,1,0.49394136892,-2.75098560989
1.0,0.5,0.5,1,-2.75098560989,0.49394136892
-9.0,9.5:2
0.75,0.25,0.5,1,2.64765128467,-0.577901936962
0.5,0.5,1.0,1.0,-0.577901936962,2.64765128467
-60.0,5.5:2
0.75,0.25,0.5,1,-2.55359005004,0.574304830175
1.0,0.5,0.5,1,0.574304830175,-2.55359005004
23.0,-57.5:2
0.75,0.25,0.5,1,0.49934672168,-2.61351820516
1.0,0.5,0.5,1,-2.61351820516,0.49934672168
21.0,-121.5:2
1.0,0.5,0.5,1,-0.507098504392,2.62536198298
1,1,1,0,2.62536198298,-0.507098504392
30.0,-126.5:2
1.0,0.5,0.5,1,-0.507098504392,2.6344941492
1,1,1,0,2.6344941492,-0.507098504392
23.0,-57.5:2
0.75,0.25,0.5,1,0.49934672168,-2.61351820516
1.0,0.5,0.5,1,-2.61351820516,0.49934672168
11.0,-64.5:2
0.75,0.25,0.5,1,0.528074448426,-2.55359005004
1.0,0.5,0.5,1,-2.55359005004,0.528074448426
21.0,-121.5:2
1.0,0.5,0.5,1,-0.507098504392,2.62536198298
1,1,1,0,2.62536198298,-0.507098504392
21.0,-121.5:2
1.0,0.5,0.5,1,-0.507098504392,2.62536198298
1,1,1,0,2.62536198298,-0.507098504392
11.0,-64.5:2
0.75,0.25,0.5,1,0.528074448426,-2.55359005004
1.0,0.5,0.5,1,-2.55359005004,0.528074448426
8.0,-66.5:2
0.75,0.25,0.5,1,0.588002603548,-2.64765128467
1.0,0.5,0.5,1,-2.64765128467,0.588002603548
39.0,-131.5:2
1.0,0.5,0.5,1,-0.49394136892,2.6344941492
1,1,1,0,2.6344941492,-0.49394136892
45.0,-45.5:2
0.75,0.25,0.5,1,0.507098504392,-2.64224593191
1.0,0.5,0.5,1,-2.64224593191,0.507098504392
30.0,-126.5:2
1.0,0.5,0.5,1,-0.507098504392,2.6344941492
1,1,1,0,2.6344941492,-0.507098504392
9.0,-1.5:2
0.75,0.25,0.5,1,2.64765128467,-0.588002603548
0.5,0.5,1.0,1.0,-0.588002603548,2.64765128467
8.0,-66.5:2
0.75,0.25,0.5,1,0.588002603548,-2.64765128467
1.0,0.5,0.5,1,-2.64765128467,0.588002603548
11.0,-64.5:2
0.75,0.25,0.5,1,0.528074448426,-2.55359005004
1.0,0.5,0.5,1,-2.55359005004,0.528074448426
84.0,-158.5:2
1.0,0.5,0.5,1,-0.588002603548,2.56728782342
1,1,1,0,2.56728782342,-0.588002603548
96.0,-166.5:2
1.0,0.5,0.5,1,-0.588002603548,2.55359005004
1,1,1,0,2.55359005004,-0.588002603548
138.5,-78.0:2
1.0,0.5,0.5,1,2.56728782342,-0.49394136892
1,1,1,0,-0.49394136892,2.56728782342
171.5,-104.0:2
1.0,0.5,0.5,1,1.57079632679,-1.57842976631
1,1,1,0,-1.57842976631,1.57079632679
99.0,-168.5:2
1.0,0.5,0.5,1,-0.0147048223779,2.55359005004
1,1,1,0,2.55359005004,-0.0147048223779
167.0,-169.5:2
1.0,0.5,0.5,1,0.0,3.12688783121
1,1,1,0,3.12688783121,0.0
160.0,-90.5:2
1.0,0.5,0.5,1,2.64765128467,-0.588002603548
1,1,1,0,-0.588002603548,2.64765128467
171.5,-104.0:2
1.0,0.5,0.5,1,1.57079632679,-1.57842976631
1,1,1,0,-1.57842976631,1.57079632679
166.0,-94.5:2
1.0,0.5,0.5,1,2.55359005004,-0.785398163397
1,1,1,0,-0.785398163397,2.55359005004
99.0,-168.5:2
1.0,0.5,0.5,1,-0.0147048223779,2.55359005004
1,1,1,0,2.55359005004,-0.0147048223779
171.5,-104.0:2
1.0,0.5,0.5,1,1.57079632679,-1.57842976631
1,1,1,0,-1.57842976631,1.57079632679
153.5,-87.0:2
1.0,0.5,0.5,1,2.57486343607,-0.49394136892
1,1,1,0,-0.49394136892,2.57486343607
167.0,-169.5:2
1.0,0.5,0.5,1,0.0,3.12688783121
1,1,1,0,3.12688783121,0.0
169.0,-169.5:2
1.0,0.5,0.5,1,0.0,3.14159265359
1,1,1,0,3.14159265359,0.0
171.5,-104.0:2
1.0,0.5,0.5,1,1.57079632679,-1.57842976631
1,1,1,0,-1.57842976631,1.57079632679
171.5,-104.0:2
1.0,0.5,0.5,1,1.57079632679,-1.57842976631
1,1,1,0,-1.57842976631,1.57079632679
171.5,-102.0:2
1.0,0.5,0.5,1,1.57079632679,-1.57079632679
1,1,1,0,-1.57079632679,1.57079632679
166.0,-94.5:2
1.0,0.5,0.5,1,2.55359005004,-0.785398163397
1,1,1,0,-0.785398163397,2.55359005004
171.5,-100.0:2
1.0,0.5,0.5,1,2.35619449019,-1.57079632679
1,1,1,0,-1.57079632679,2.35619449019
166.0,-94.5:2
1.0,0.5,0.5,1,2.55359005004,-0.785398163397
1,1,1,0,-0.785398163397,2.55359005004
171.5,-102.0:2
1.0,0.5,0.5,1,1.57079632679,-1.57079632679
1,1,1,0,-1.57079632679,1.57079632679
-120.5,-38.0:2
0.75,0.25,0.5,1,-0.507098504392,2.55563503697
0.5,0.5,1.0,1.0,2.55563503697,-0.507098504392
-118.0,-21.5:2
0.75,0.25,0.5,1,-2.70823880451,0.432407775571
1.0,0.5,0.5,1,0.432407775571,-2.70823880451
-134.121482176,-28.9591932458:6
0.5,0.5,1.0,1,-2.70823880451,-0.585957616623
0.75,0.25,0.5,1,-0.585957616623,-0.585957616623
0.75,0.25,0.5,1,-0.585957616623,0.433353849082
0.75,0.25,0.5,1,0.433353849082,0.433353849082
1.0,0.5,0.5,1,0.433353849082,2.55563503697
1,1,1,0,2.55563503697,-2.70823880451
169.0,-169.5:2
1.0,0.5,0.5,1,0.0,3.14159265359
1,1,1,0,3.14159265359,0.0
171.0,-169.5:2
1.0,0.5,0.5,1,1.56316288728,3.14159265359
1,1,1,0,3.14159265359,1.56316288728
171.5,-104.0:2
1.0,0.5,0.5,1,1.57079632679,-1.57842976631
1,1,1,0,-1.57842976631,1.57079632679
123.5,-69.0:2
1.0,0.5,0.5,1,2.61351820516,-0.49394136892
1,1,1,0,-0.49394136892,2.61351820516
75.5,-153.0:2
1.0,0.5,0.5,1,-0.574304830175,2.64765128467
1,1,1,0,2.64765128467,-0.574304830175
130.0,-72.5:2
1.0,0.5,0.5,1,2.64765128467,-0.574304830175
1,1,1,0,-0.574304830175,2.64765128467
66.0,-147.5:2
1.0,0.5,0.5,1,-0.588002603548,2.61351820516
1,1,1,0,2.61351820516,-0.588002603548
123.5,-69.0:2
1.0,0.5,0.5,1,2.61351820516,-0.49394136892
1,1,1,0,-0.49394136892,2.61351820516
111.5,-62.0:2
1.0,0.5,0.5,1,2.57486343607,-0.528074448426
1,1,1,0,-0.528074448426,2.57486343607
130.0,-72.5:2
1.0,0.5,0.5,1,2.64765128467,-0.574304830175
1,1,1,0,-0.574304830175,2.64765128467
84.0,-158.5:2
1.0,0.5,0.5,1,-0.588002603548,2.56728782342
1,1,1,0,2.56728782342,-0.588002603548
138.5,-78.0:2
1.0,0.5,0.5,1,2.56728782342,-0.49394136892
1,1,1,0,-0.49394136892,2.56728782342
160.0,-90.5:2
1.0,0.5,0.5,1,2.64765128467,-0.588002603548
1,1,1,0,-0.588002603548,2.64765128467
153.5,-87.0:2
1.0,0.5,0.5,1,2.57486343607,-0.49394136892
1,1,1,0,-0.49394136892,2.57486343607
171.5,-104.0:2
1.0,0.5,0.5,1,1.57079632679,-1.57842976631
1,1,1,0,-1.57842976631,1.57079632679
138.5,-78.0:2
1.0,0.5,0.5,1,2.56728782342,-0.49394136892
1,1,1,0,-0.49394136892,2.56728782342
96.0,-166.5:2
1.0,0.5,0.5,1,-0.588002603548,2.55359005004
1,1,1,0,2.55359005004,-0.588002603548
145.0,-81.5:2
1.0,0.5,0.5,1,2.64765128467,-0.588002603548
1,1,1,0,-0.588002603548,2.64765128467
96.0,-166.5:2
1.0,0.5,0.5,1,-0.588002603548,2.55359005004
1,1,1,0,2.55359005004,-0.588002603548
148.0,-83.5:2
1.0,0.5,0.5,1,2.55359005004,-0.566729217524
1,1,1,0,-0.566729217524,2.55359005004
145.0,-81.5:2
1.0,0.5,0.5,1,2.64765128467,-0.588002603548
1,1,1,0,-0.588002603548,2.64765128467
148.0,-83.5:2
1.0,0.5,0.5,1,2.55359005004,-0.566729217524
1,1,1,0,-0.566729217524,2.55359005004
96.0,-166.5:2
1.0,0.5,0.5,1,-0.588002603548,2.55359005004
1,1,1,0,2.55359005004,-0.588002603548
153.5,-87.0:2
1.0,0.5,0.5,1,2.57486343607,-0.49394136892
1,1,1,0,-0.49394136892,2.57486343607
99.0,-168.5:2
1.0,0.5,0.5,1,-0.0147048223779,2.55359005004
1,1,1,0,2.55359005004,-0.0147048223779
153.5,-87.0:2
1.0,0.5,0.5,1,2.57486343607,-0.49394136892
1,1,1,0,-0.49394136892,2.57486343607
96.0,-166.5:2
1.0,0.5,0.5,1,-0.588002603548,2.55359005004
1,1,1,0,2.55359005004,-0.588002603548
54.0,-140.5:2
1.0,0.5,0.5,1,-0.528074448426,2.56728782342
1,1,1,0,2.56728782342,-0.528074448426
111.5,-62.0:2
1.0,0.5,0.5,1,2.57486343607,-0.528074448426
1,1,1,0,-0.528074448426,2.57486343607
106.0,-58.5:2
1.0,0.5,0.5,1,2.6344941492,-0.566729217524
1,1,1,0,-0.566729217524,2.6344941492
20.5,-9.0:2
0.75,0.25,0.5,1,2.56728782342,-0.52479577165
0.5,0.5,1.0,1.0,-0.52479577165,2.56728782342
23.0,-57.5:2
0.75,0.25,0.5,1,0.49934672168,-2.61351820516
1.0,0.5,0.5,1,-2.61351820516,0.49934672168
30.0,-14.5:2
0.75,0.25,0.5,1,2.61679688194,-0.574304830175
0.5,0.5,1.0,1.0,-0.574304830175,2.61679688194
20.5,-9.0:2
0.75,0.25,0.5,1,2.56728782342,-0.52479577165
0.5,0.5,1.0,1.0,-0.52479577165,2.56728782342
12.0,-3.5:2
0.75,0.25,0.5,1,2.55359005004,-0.574304830175
0.5,0.5,1.0,1.0,-0.574304830175,2.55359005004
11.0,-64.5:2
0.75,0.25,0.5,1,0.528074448426,-2.55359005004
1.0,0.5,0.5,1,-2.55359005004,0.528074448426
12.0,-3.5:2
0.75,0.25,0.5,1,2.55359005004,-0.574304830175
0.5,0.5,1.0,1.0,-0.574304830175,2.55359005004
11.0,45.5:2
0.5,0.5,1.0,1,-2.64765128467,0.442374222977
1,1,1,0,0.442374222977,-2.64765128467
9.0,-1.5:2
0.75,0.25,0.5,1,2.64765128467,-0.588002603548
0.5,0.5,1.0,1.0,-0.588002603548,2.64765128467
9.0,-1.5:2
0.75,0.25,0.5,1,2.64765128467,-0.588002603548
0.5,0.5,1.0,1.0,-0.588002603548,2.64765128467
11.0,-64.5:2
0.75,0.25,0.5,1,0.528074448426,-2.55359005004
1.0,0.5,0.5,1,-2.55359005004,0.528074448426
12.0,-3.5:2
0.75,0.25,0.5,1,2.55359005004,-0.574304830175
0.5,0.5,1.0,1.0,-0.574304830175,2.55359005004
20.5,50.0:2
0.5,0.5,1.0,1,-2.69921843061,0.367173833818
1,1,1,0,0.367173833818,-2.69921843061
12.0,-3.5:2
0.75,0.25,0.5,1,2.55359005004,-0.574304830175
0.5,0.5,1.0,1.0,-0.574304830175,2.55359005004
20.5,-9.0:2
0.75,0.25,0.5,1,2.56728782342,-0.52479577165
0.5,0.5,1.0,1.0,-0.52479577165,2.56728782342
9.0,-1.5:2
0.75,0.25,0.5,1,2.64765128467,-0.588002603548
0.5,0.5,1.0,1.0,-0.588002603548,2.64765128467
2.5,2.0:2
0.75,0.25,0.5,1,2.56369071663,-0.49394136892
0.5,0.5,1.0,1.0,-0.49394136892,2.56369071663
8.0,-66.5:2
0.75,0.25,0.5,1,0.588002603548,-2.64765128467
1.0,0.5,0.5,1,-2.64765128467,0.588002603548
45.0,-45.5:2
0.75,0.25,0.5,1,0.507098504392,-2.64224593191
1.0,0.5,0.5,1,-2.64224593191,0.507098504392
45.0,-23.5:2
0.75,0.25,0.5,1,2.64765128467,-0.574304830175
0.5,0.5,1.0,1.0,-0.574304830175,2.64765128467
38.5,-20.0:2
0.75,0.25,0.5,1,2.56728782342,-0.49394136892
0.5,0.5,1.0,1.0,-0.49394136892,2.56728782342
45.0,-23.5:2
0.75,0.25,0.5,1,2.64765128467,-0.574304830175
0.5,0.5,1.0,1.0,-0.574304830175,2.64765128467
45.0,-45.5:2
0.75,0.25,0.5,1,0.507098504392,-2.64224593191
1.0,0.5,0.5,1,-2.64224593191,0.507098504392
53.5,-29.0:2
0.75,0.25,0.5,1,2.56728782342,-0.49394136892
0.5,0.5,1.0,1.0,-0.49394136892,2.56728782342
42.5,60.0:2
0.5,0.5,1.0,1,-2.69921843061,0.367173833818
1,1,1,0,0.367173833818,-2.69921843061
30.0,-14.5:2
0.75,0.25,0.5,1,2.61679688194,-0.574304830175
0.5,0.5,1.0,1.0,-0.574304830175,2.61679688194
38.5,-20.0:2
0.75,0.25,0.5,1,2.56728782342,-0.49394136892
0.5,0.5,1.0,1.0,-0.49394136892,2.56728782342
30.0,-14.5:2
0.75,0.25,0.5,1,2.61679688194,-0.574304830175
0.5,0.5,1.0,1.0,-0.574304830175,2.61679688194
23.0,-57.5:2
0.75,0.25,0.5,1,0.49934672168,-2.61351820516
1.0,0.5,0.5,1,-2.61351820516,0.49934672168
38.5,-20.0:2
0.75,0.25,0.5,1,2.56728782342,-0.49394136892
0.5,0.5,1.0,1.0,-0.49394136892,2.56728782342
27.0,52.5:2
0.5,0.5,1.0,1,-2.77441881977,0.463647609001
1,1,1,0,0.463647609001,-2.77441881977
20.5,-9.0:2
0.75,0.25,0.5,1,2.56728782342,-0.52479577165
0.5,0.5,1.0,1.0,-0.52479577165,2.56728782342
30.0,-14.5:2
0.75,0.25,0.5,1,2.61679688194,-0.574304830175
0.5,0.5,1.0,1.0,-0.574304830175,2.61679688194
38.5,-20.0:2
0.75,0.25,0.5,1,2.56728782342,-0.49394136892
0.5,0.5,1.0,1.0,-0.49394136892,2.56728782342
23.0,-57.5:2
0.75,0.25,0.5,1,0.49934672168,-2.61351820516
1.0,0.5,0.5,1,-2.61351820516,0.49934672168
45.0,-45.5:2
0.75,0.25,0.5,1,0.507098504392,-2.64224593191
1.0,0.5,0.5,1,-2.64224593191,0.507098504392
30.0,-126.5:2
1.0,0.5,0.5,1,-0.507098504392,2.6344941492
1,1,1,0,2.6344941492,-0.507098504392
45.0,-45.5:2
0.75,0.25,0.5,1,0.507098504392,-2.64224593191
1.0,0.5,0.5,1,-2.64224593191,0.507098504392
23.0,-57.5:2
0.75,0.25,0.5,1,0.49934672168,-2.61351820516
1.0,0.5,0.5,1,-2.61351820516,0.49934672168
38.5,-20.0:2
0.75,0.25,0.5,1,2.56728782342,-0.49394136892
0.5,0.5,1.0,1.0,-0.49394136892,2.56728782342
49.0,62.5:2
0.5,0.5,1.0,1,-2.77441881977,0.00662241974267
1,1,1,0,0.00662241974267,-2.77441881977
42.5,60.0:2
0.5,0.5,1.0,1,-2.69921843061,0.367173833818
1,1,1,0,0.367173833818,-2.69921843061
-9.0,9.5:2
0.75,0.25,0.5,1,2.64765128467,-0.577901936962
0.5,0.5,1.0,1.0,-0.577901936962,2.64765128467
2.5,2.0:2
0.75,0.25,0.5,1,2.56369071663,-0.49394136892
0.5,0.5,1.0,1.0,-0.49394136892,2.56369071663
-8.5,35.0:2
0.5,0.5,1.0,1,-2.57486343607,0.49394136892
1,1,1,0,0.49394136892,-2.57486343607
-9.0,9.5:2
0.75,0.25,0.5,1,2.64765128467,-0.577901936962
0.5,0.5,1.0,1.0,-0.577901936962,2.64765128467
-5.0,-73.5:2
0.75,0.25,0.5,1,0.49394136892,-2.75098560989
1.0,0.5,0.5,1,-2.75098560989,0.49394136892
2.5,2.0:2
0.75,0.25,0.5,1,2.56369071663,-0.49394136892
0.5,0.5,1.0,1.0,-0.49394136892,2.56369071663
11.0,45.5:2
0.5,0.5,1.0,1,-2.64765128467,0.442374222977
1,1,1,0,0.442374222977,-2.64765128467
-8.5,35.0:2
0.5,0.5,1.0,1,-2.57486343607,0.49394136892
1,1,1,0,0.49394136892,-2.57486343607
2.5,2.0:2
0.75,0.25,0.5,1,2.56369071663,-0.49394136892
0.5,0.5,1.0,1.0,-0.49394136892,2.56369071663
9.0,-1.5:2
0.75,0.25,0.5,1,2.64765128467,-0.588002603548
0.5,0.5,1.0,1.0,-0.588002603548,2.64765128467
11.0,45.5:2
0.5,0.5,1.0,1,-2.64765128467,0.442374222977
1,1,1,0,0.442374222977,-2.64765128467
2.5,2.0:2
0.75,0.25,0.5,1,2.56369071663,-0.49394136892
0.5,0.5,1.0,1.0,-0.49394136892,2.56369071663
-9.0,9.5:2
0.75,0.25,0.5,1,2.64765128467,-0.577901936962
0.5,0.5,1.0,1.0,-0.577901936962,2.64765128467
-8.5,35.0:2
0.5,0.5,1.0,1,-2.57486343607,0.49394136892
1,1,1,0,0.49394136892,-2.57486343607
-14.0,31.5:2
0.5,0.5,1.0,1,-2.61351820516,0.566729217524
1,1,1,0,0.566729217524,-2.61351820516
11.0,45.5:2
0.5,0.5,1.0,1,-2.64765128467,0.442374222977
1,1,1,0,0.442374222977,-2.64765128467
12.0,-3.5:2
0.75,0.25,0.5,1,2.55359005004,-0.574304830175
0.5,0.5,1.0,1.0,-0.574304830175,2.55359005004
20.5,50.0:2
0.5,0.5,1.0,1,-2.69921843061,0.367173833818
1,1,1,0,0.367173833818,-2.69921843061
20.5,50.0:2
0.5,0.5,1.0,1,-2.69921843061,0.367173833818
1,1,1,0,0.367173833818,-2.69921843061
20.5,-9.0:2
0.75,0.25,0.5,1,2.56728782342,-0.52479577165
0.5,0.5,1.0,1.0,-0.52479577165,2.56728782342
27.0,52.5:2
0.5,0.5,1.0,1,-2.77441881977,0.463647609001
1,1,1,0,0.463647609001,-2.77441881977
33.0,55.5:2
0.5,0.5,1.0,1,-2.67794504459,0.442374222977
1,1,1,0,0.442374222977,-2.67794504459
27.0,52.5:2
0.5,0.5,1.0,1,-2.77441881977,0.463647609001
1,1,1,0,0.463647609001,-2.77441881977
30.0,-14.5:2
0.75,0.25,0.5,1,2.61679688194,-0.574304830175
0.5,0.5,1.0,1.0,-0.574304830175,2.61679688194
30.0,-14.5:2
0.75,0.25,0.5,1,2.61679688194,-0.574304830175
0.5,0.5,1.0,1.0,-0.574304830175,2.61679688194
42.5,60.0:2
0.5,0.5,1.0,1,-2.69921843061,0.367173833818
1,1,1,0,0.367173833818,-2.69921843061
33.0,55.5:2
0.5,0.5,1.0,1,-2.67794504459,0.442374222977
1,1,1,0,0.442374222977,-2.67794504459
38.5,-20.0:2
0.75,0.25,0.5,1,2.56728782342,-0.49394136892
0.5,0.5,1.0,1.0,-0.49394136892,2.56728782342
45.0,-23.5:2
0.75,0.25,0.5,1,2.64765128467,-0.574304830175
0.5,0.5,1.0,1.0,-0.574304830175,2.64765128467
49.0,62.5:2
0.5,0.5,1.0,1,-2.77441881977,0.00662241974267
1,1,1,0,0.00662241974267,-2.77441881977
20.5,-9.0:2
0.75,0.25,0.5,1,2.56728782342,-0.52479577165
0.5,0.5,1.0,1.0,-0.52479577165,2.56728782342
11.0,-64.5:2
0.75,0.25,0.5,1,0.528074448426,-2.55359005004
1.0,0.5,0.5,1,-2.55359005004,0.528074448426
23.0,-57.5:2
0.75,0.25,0.5,1,0.49934672168,-2.61351820516
1.0,0.5,0.5,1,-2.61351820516,0.49934672168
54.0,-40.5:2
0.75,0.25,0.5,1,0.548549402451,-2.6344941492
1.0,0.5,0.5,1,-2.6344941492,0.548549402451
60.0,-32.5:2
0.75,0.25,0.5,1,2.64765128467,-0.534395476754
0.5,0.5,1.0,1.0,-0.534395476754,2.64765128467
53.5,-29.0:2
0.75,0.25,0.5,1,2.56728782342,-0.49394136892
0.5,0.5,1.0,1.0,-0.49394136892,2.56728782342
60.0,-32.5:2
0.75,0.25,0.5,1,2.64765128467,-0.534395476754
0.5,0.5,1.0,1.0,-0.534395476754,2.64765128467
63.602262017,-34.6319509896:6
0.75,0.25,0.5,1,-2.59304325114,-2.59304325114
1.0,0.5,0.5,1,-2.59304325114,-0.534395476754
1,1,1,0,-0.534395476754,0.548549402451
0.5,0.5,1.0,1,0.548549402451,2.60719717684
0.75,0.25,0.5,1,2.60719717684,2.60719717684
0.75,0.25,0.5,1,2.60719717684,-2.59304325114
72.0,-29.5:2
0.5,0.5,1.0,1,0.380506377112,-2.59304325114
1,1,1,0,-2.59304325114,0.380506377112
72.0,-29.5:2
0.5,0.5,1.0,1,0.380506377112,-2.59304325114
1,1,1,0,-2.59304325114,0.380506377112
82.0,-25.5:2
0.5,0.5,1.0,1,0.463647609001,-2.76108627648
1,1,1,0,-2.76108627648,0.463647609001
45.0,-23.5:2
0.75,0.25,0.5,1,2.64765128467,-0.574304830175
0.5,0.5,1.0,1.0,-0.574304830175,2.64765128467
72.0,-29.5:2
0.5,0.5,1.0,1,0.380506377112,-2.59304325114
1,1,1,0,-2.59304325114,0.380506377112
53.5,-29.0:2
0.75,0.25,0.5,1,2.56728782342,-0.49394136892
0.5,0.5,1.0,1.0,-0.49394136892,2.56728782342
60.0,-32.5:2
0.75,0.25,0.5,1,2.64765128467,-0.534395476754
0.5,0.5,1.0,1.0,-0.534395476754,2.64765128467
45.0,-23.5:2
0.75,0.25,0.5,1,2.64765128467,-0.574304830175
0.5,0.5,1.0,1.0,-0.574304830175,2.64765128467
53.5,-29.0:2
0.75,0.25,0.5,1,2.56728782342,-0.49394136892
0.5,0.5,1.0,1.0,-0.49394136892,2.56728782342
72.0,-29.5:2
0.5,0.5,1.0,1,0.380506377112,-2.59304325114
1,1,1,0,-2.59304325114,0.380506377112
84.5,-47.0:2
1.0,0.5,0.5,1,2.60719717684,-0.479519291993
1,1,1,0,-0.479519291993,2.60719717684
54.0,-40.5:2
0.75,0.25,0.5,1,0.548549402451,-2.6344941492
1.0,0.5,0.5,1,-2.6344941492,0.548549402451
45.0,-45.5:2
0.75,0.25,0.5,1,0.507098504392,-2.64224593191
1.0,0.5,0.5,1,-2.64224593191,0.507098504392
84.5,-47.0:2
1.0,0.5,0.5,1,2.60719717684,-0.479519291993
1,1,1,0,-0.479519291993,2.60719717684
45.0,-45.5:2
0.75,0.25,0.5,1,0.507098504392,-2.64224593191
1.0,0.5,0.5,1,-2.64224593191,0.507098504392
39.0,-131.5:2
1.0,0.5,0.5,1,-0.49394136892,2.6344941492
1,1,1,0,2.6344941492,-0.49394136892
97.0,-53.5:2
1.0,0.5,0.5,1,2.6620733616,-0.507098504392
1,1,1,0,-0.507098504392,2.6620733616
84.5,-47.0:2
1.0,0.5,0.5,1,2.60719717684,-0.479519291993
1,1,1,0,-0.479519291993,2.60719717684
45.5,-135.0:2
1.0,0.5,0.5,1,-0.574304830175,2.64765128467
1,1,1,0,2.64765128467,-0.574304830175
88.0,-22.5:2
0.5,0.5,1.0,1,0.432407775571,-2.67794504459
1,1,1,0,-2.67794504459,0.432407775571
45.0,-23.5:2
0.75,0.25,0.5,1,2.64765128467,-0.574304830175
0.5,0.5,1.0,1.0,-0.574304830175,2.64765128467
82.0,-25.5:2
0.5,0.5,1.0,1,0.463647609001,-2.76108627648
1,1,1,0,-2.76108627648,0.463647609001
88.0,-22.5:2
0.5,0.5,1.0,1,0.432407775571,-2.67794504459
1,1,1,0,-2.67794504459,0.432407775571
101.0,-16.5:2
0.5,0.5,1.0,1,0.463647609001,-2.70918487802
1,1,1,0,-2.70918487802,0.463647609001
49.0,62.5:2
0.5,0.5,1.0,1,-2.77441881977,0.00662241974267
1,1,1,0,0.00662241974267,-2.77441881977
49.0,62.5:2
0.5,0.5,1.0,1,-2.77441881977,0.00662241974267
1,1,1,0,0.00662241974267,-2.77441881977
107.0,-13.5:2
0.5,0.5,1.0,1,0.386875717731,-2.67794504459
1,1,1,0,-2.67794504459,0.386875717731
124.5,63.0:2
0.5,0.5,1.0,1,-3.13497023385,-1.57788840647
1,1,1,0,-1.57788840647,-3.13497023385
107.0,-13.5:2
0.5,0.5,1.0,1,0.386875717731,-2.67794504459
1,1,1,0,-2.67794504459,0.386875717731
49.0,62.5:2
0.5,0.5,1.0,1,-2.77441881977,0.00662241974267
1,1,1,0,0.00662241974267,-2.77441881977
101.0,-16.5:2
0.5,0.5,1.0,1,0.463647609001,-2.70918487802
1,1,1,0,-2.70918487802,0.463647609001
49.0,62.5:2
0.5,0.5,1.0,1,-2.77441881977,0.00662241974267
1,1,1,0,0.00662241974267,-2.77441881977
45.0,-23.5:2
0.75,0.25,0.5,1,2.64765128467,-0.574304830175
0.5,0.5,1.0,1.0,-0.574304830175,2.64765128467
88.0,-22.5:2
0.5,0.5,1.0,1,0.432407775571,-2.67794504459
1,1,1,0,-2.67794504459,0.432407775571
120.5,-8.0:2
0.5,0.5,1.0,1,0.321750554397,-2.75471693586
1,1,1,0,-2.75471693586,0.321750554397
122.0,-7.5:2
0.5,0.5,1.0,1,0.0,-2.81984209919
1,1,1,0,-2.81984209919,0.0
124.5,63.0:2
0.5,0.5,1.0,1,-3.13497023385,-1.57788840647
1,1,1,0,-1.57788840647,-3.13497023385
124.0,-7.5:2
0.5,0.5,1.0,1,1.56370424712,3.14159265359
1,1,1,0,3.14159265359,1.56370424712
124.5,63.0:2
0.5,0.5,1.0,1,-3.13497023385,-1.57788840647
1,1,1,0,-1.57788840647,-3.13497023385
122.0,-7.5:2
0.5,0.5,1.0,1,0.0,-2.81984209919
1,1,1,0,-2.81984209919,0.0
120.5,-8.0:2
0.5,0.5,1.0,1,0.321750554397,-2.75471693586
1,1,1,0,-2.75471693586,0.321750554397
124.5,63.0:2
0.5,0.5,1.0,1,-3.13497023385,-1.57788840647
1,1,1,0,-1.57788840647,-3.13497023385
107.0,-13.5:2
0.5,0.5,1.0,1,0.386875717731,-2.67794504459
1,1,1,0,-2.67794504459,0.386875717731
53.5,-29.0:2
0.75,0.25,0.5,1,2.56728782342,-0.49394136892
0.5,0.5,1.0,1.0,-0.49394136892,2.56728782342
45.0,-45.5:2
0.75,0.25,0.5,1,0.507098504392,-2.64224593191
1.0,0.5,0.5,1,-2.64224593191,0.507098504392
54.0,-40.5:2
0.75,0.25,0.5,1,0.548549402451,-2.6344941492
1.0,0.5,0.5,1,-2.6344941492,0.548549402451
54.0,-140.5:2
1.0,0.5,0.5,1,-0.528074448426,2.56728782342
1,1,1,0,2.56728782342,-0.528074448426
106.0,-58.5:2
1.0,0.5,0.5,1,2.6344941492,-0.566729217524
1,1,1,0,-0.566729217524,2.6344941492
97.0,-53.5:2
1.0,0.5,0.5,1,2.6620733616,-0.507098504392
1,1,1,0,-0.507098504392,2.6620733616
-118.0,-21.5:2
0.75,0.25,0.5,1,-2.70823880451,0.432407775571
1.0,0.5,0.5,1,0.432407775571,-2.70823880451
-177.0,-0.5:2
1.0,0.5,0.5,1,-0.585957616623,2.39783706929
1,1,1,0,2.39783706929,-0.585957616623
-134.121482176,-28.9591932458:6
0.5,0.5,1.0,1,-2.70823880451,-0.585957616623
0.75,0.25,0.5,1,-0.585957616623,-0.585957616623
0.75,0.25,0.5,1,-0.585957616623,0.433353849082
0.75,0.25,0.5,1,0.433353849082,0.433353849082
1.0,0.5,0.5,1,0.433353849082,2.55563503697
1,1,1,0,2.55563503697,-2.70823880451
-5.0,-73.5:2
0.75,0.25,0.5,1,0.49394136892,-2.75098560989
1.0,0.5,0.5,1,-2.75098560989,0.49394136892
-16.0,-100.5:2
1.0,0.5,0.5,1,-0.49394136892,2.56728782342
1,1,1,0,2.56728782342,-0.49394136892
-9.5,-104.0:2
1.0,0.5,0.5,1,-0.528074448426,2.64765128467
1,1,1,0,2.64765128467,-0.528074448426
-31.0,-91.5:2
1.0,0.5,0.5,1,-0.49394136892,2.56728782342
1,1,1,0,2.56728782342,-0.49394136892
-28.0,-83.5:2
0.75,0.25,0.5,1,0.463647609001,-2.76108627648
1.0,0.5,0.5,1,-2.76108627648,0.463647609001
-37.4943820225,-87.297752809:6
1,1,1,0,-2.76108627648,-0.574304830175
1.0,0.5,0.5,1,-0.574304830175,0.380506377112
1.0,0.5,0.5,1,0.380506377112,0.380506377112
0.75,0.25,0.5,1,0.380506377112,2.56728782342
0.75,0.25,0.5,1,2.56728782342,2.56728782342
0.5,0.5,1.0,1.0,2.56728782342,-2.76108627648
