131
60.5,123.0:2
0.5,0.5,1.0,1,3.13606784792,-0.404891786285
1,1,1,1,-0.404891786285,3.13606784792
64.0,121.5:2
0.5,0.5,1.0,1,2.7367008673,-0.463647609001
1,1,1,1,-0.463647609001,2.7367008673
70.0,118.5:2
0.5,0.5,1.0,1,2.67794504459,-0.614662951922
1,1,1,1,-0.614662951922,2.67794504459
87.0,106.5:2
0.5,0.5,1.0,1,2.52692970167,-0.714090698612
1,1,1,1,-0.714090698612,2.52692970167
94.5,100.0:2
0.5,0.5,1.0,1,2.42750195498,-0.825376850521
1,1,1,1,-0.825376850521,2.42750195498
106.5,87.0:2
0.5,0.5,1.0,1,2.31621580307,-0.856705628183
1,1,1,1,-0.856705628183,2.31621580307
113.0,79.5:2
0.5,0.5,1.0,1,2.28488702541,-1.03037682652
1,1,1,1,-1.03037682652,2.28488702541
114.5,77.0:2
0.5,0.5,1.0,1,2.11121582707,-0.927295218002
1,1,1,1,-0.927295218002,2.11121582707
120.5,69.0:2
0.5,0.5,1.0,1,2.21429743559,-0.982793723247
1,1,1,1,-0.982793723247,2.21429743559
122.5,66.0:2
0.75,0.25,0.5,1,2.15879893034,-0.982793723247
1.0,0.5,0.5,1,-0.982793723247,2.15879893034
124.5,63.0:2
0.75,0.25,0.5,1,2.15879893034,-0.982793723247
1.0,0.5,0.5,1,-0.982793723247,2.15879893034
126.5,60.0:2
0.75,0.25,0.5,1,2.15879893034,-0.982793723247
1.0,0.5,0.5,1,-0.982793723247,2.15879893034
128.5,57.0:2
0.75,0.25,0.5,1,2.15879893034,-0.982793723247
1.0,0.5,0.5,1,-0.982793723247,2.15879893034
130.5,54.0:2
0.75,0.25,0.5,1,2.15879893034,-0.982793723247
1.0,0.5,0.5,1,-0.982793723247,2.15879893034
132.5,51.0:2
0.75,0.25,0.5,1,2.15879893034,-1.08389709498
1.0,0.5,0.5,1,-1.08389709498,2.15879893034
168.5,-17.0:2
0.75,0.25,0.5,1,2.05769555861,-1.10714871779
1.0,0.5,0.5,1,-1.10714871779,2.05769555861
173.5,-27.0:2
0.5,0.5,1.0,1,2.0344439358,-1.19028994968
1,1,1,1,-1.19028994968,2.0344439358
177.5,-37.0:2
0.5,0.5,1.0,1,1.95130270391,-1.16590454051
1,1,1,1,-1.16590454051,1.95130270391
180.5,-44.0:2
0.5,0.5,1.0,1,1.97568811308,-1.29249666779
1,1,1,1,-1.29249666779,1.97568811308
182.5,-51.0:2
0.5,0.5,1.0,1,1.8490959858,-1.21202565652
1,1,1,1,-1.21202565652,1.8490959858
185.5,-59.0:2
0.5,0.5,1.0,1,1.92956699707,-1.57079632679
1,1,1,1,-1.57079632679,1.92956699707
185.5,-61.0:2
0.5,0.5,1.0,1,1.57079632679,-1.57079632679
1,1,1,1,-1.57079632679,1.57079632679
185.5,-63.0:2
0.5,0.5,1.0,1,1.57079632679,-1.59404794961
1,1,1,1,-1.59404794961,1.57079632679
184.0,-127.5:2
0.5,0.5,1.0,1,1.54754470398,3.14159265359
1,1,1,1,3.14159265359,1.54754470398
182.0,-127.5:2
0.5,0.5,1.0,1,0.0,3.14159265359
1,1,1,1,3.14159265359,0.0
180.0,-127.5:2
0.5,0.5,1.0,1,0.0,3.13395921407
1,1,1,1,3.13395921407,0.0
114.5,-127.0:2
0.5,0.5,1.0,1,-0.00763343951749,1.89254688119
1,1,1,1,1.89254688119,-0.00763343951749
114.0,-125.5:2
0.5,0.5,1.0,1,-1.2490457724,1.89254688119
1,1,1,1,1.89254688119,-1.2490457724
113.5,-124.0:2
0.5,0.5,1.0,1,-1.2490457724,2.0344439358
1,1,1,1,2.0344439358,-1.2490457724
110.5,-118.0:2
0.5,0.5,1.0,1,-1.10714871779,1.89254688119
1,1,1,1,1.89254688119,-1.10714871779
109.5,-115.0:2
0.5,0.5,1.0,1,-1.2490457724,1.97568811308
1,1,1,1,1.97568811308,-1.2490457724
106.5,-108.0:2
0.5,0.5,1.0,1,-1.16590454051,1.95130270391
1,1,1,1,1.95130270391,-1.16590454051
102.5,-98.0:2
0.5,0.5,1.0,1,-1.19028994968,1.97568811308
1,1,1,1,1.97568811308,-1.19028994968
96.5,-84.0:2
0.75,0.25,0.5,1,-1.16590454051,2.05168360699
1.0,0.5,0.5,1,2.05168360699,-1.16590454051
72.5,-38.0:2
0.75,0.25,0.5,1,-1.0899090466,2.07789483119
1.0,0.5,0.5,1,2.07789483119,-1.0899090466
67.5,-29.0:2
0.75,0.25,0.5,1,-1.0636978224,2.13752554432
1.0,0.5,0.5,1,2.13752554432,-1.0636978224
64.0,-23.5:2
0.75,0.25,0.5,1,-1.00406710927,2.06473769571
1.0,0.5,0.5,1,2.06473769571,-1.00406710927
60.5,-17.0:2
0.75,0.25,0.5,1,-1.07685495788,2.15879893034
1.0,0.5,0.5,1,2.15879893034,-1.07685495788
58.5,-14.0:2
0.75,0.25,0.5,1,-0.982793723247,2.15879893034
1.0,0.5,0.5,1,2.15879893034,-0.982793723247
56.5,-11.0:2
0.75,0.25,0.5,1,-0.982793723247,2.15879893034
1.0,0.5,0.5,1,2.15879893034,-0.982793723247
54.5,-8.0:2
0.75,0.25,0.5,1,-0.982793723247,2.15879893034
1.0,0.5,0.5,1,2.15879893034,-0.982793723247
52.5,-5.0:2
0.75,0.25,0.5,1,-0.982793723247,2.15879893034
1.0,0.5,0.5,1,2.15879893034,-0.982793723247
50.5,-2.0:2
0.75,0.25,0.5,1,-0.982793723247,2.15879893034
1.0,0.5,0.5,1,2.15879893034,-0.982793723247
48.5,1.0:2
0.75,0.25,0.5,1,-0.982793723247,2.21429743559
1.0,0.5,0.5,1,2.21429743559,-0.982793723247
42.5,9.0:2
0.5,0.5,1.0,1,-0.927295218002,2.35619449019
1,1,1,1,2.35619449019,-0.927295218002
18.0,33.5:2
0.5,0.5,1.0,1,-0.785398163397,2.46685171137
1,1,1,1,2.46685171137,-0.785398163397
13.0,37.5:2
0.5,0.5,1.0,1,-0.674740942224,2.55359005004
1,1,1,1,2.55359005004,-0.674740942224
10.0,39.5:2
0.5,0.5,1.0,1,-0.588002603548,-2.40423442304
1,1,1,1,-2.40423442304,-0.588002603548
-44.5,-10.0:2
0.75,0.25,0.5,1,0.73735823055,-2.21429743559
1.0,0.5,0.5,1,-2.21429743559,0.73735823055
-50.5,-18.0:2
0.75,0.25,0.5,1,0.927295218002,-2.19959261321
1.0,0.5,0.5,1,-2.19959261321,0.927295218002
-58.5,-29.0:2
0.75,0.25,0.5,1,0.942000040379,-2.15879893034
1.0,0.5,0.5,1,-2.15879893034,0.942000040379
-60.5,-32.0:2
0.75,0.25,0.5,1,0.982793723247,-2.15879893034
1.0,0.5,0.5,1,-2.15879893034,0.982793723247
-62.5,-35.0:2
0.75,0.25,0.5,1,0.982793723247,-2.18545927872
1.0,0.5,0.5,1,-2.18545927872,0.982793723247
-74.5,-52.0:2
0.75,0.25,0.5,1,0.956133374873,-2.15879893034
1.0,0.5,0.5,1,-2.15879893034,0.956133374873
-76.5,-55.0:2
0.75,0.25,0.5,1,0.982793723247,-2.15879893034
1.0,0.5,0.5,1,-2.15879893034,0.982793723247
-78.5,-58.0:2
0.75,0.25,0.5,1,0.982793723247,-2.01063890961
1.0,0.5,0.5,1,-2.01063890961,0.982793723247
-94.5,-92.0:2
0.5,0.5,1.0,1,1.13095374398,-1.93797016061
1,1,1,1,-1.93797016061,1.13095374398
-97.0,-98.5:2
0.5,0.5,1.0,1,1.20362249298,3.11969834247
1,1,1,1,3.11969834247,1.20362249298
-165.5,-97.0:2
0.5,0.5,1.0,1,-0.0218943111228,1.55813877496
1,1,1,1,1.55813877496,-0.0218943111228
-164.5,-18.0:2
0.5,0.5,1.0,1,-1.58345387863,1.2490457724
1,1,1,1,1.2490457724,-1.58345387863
-163.5,-15.0:2
0.5,0.5,1.0,1,-1.89254688119,1.13095374398
1,1,1,1,1.13095374398,-1.89254688119
-155.5,2.0:2
0.5,0.5,1.0,1,-2.01063890961,1.0636978224
1,1,1,1,1.0636978224,-2.01063890961
-150.5,11.0:2
0.5,0.5,1.0,1,-2.07789483119,1.00406710927
1,1,1,1,1.00406710927,-2.07789483119
-147.0,16.5:2
0.75,0.25,0.5,1,-2.13752554432,1.03037682652
1.0,0.5,0.5,1,1.03037682652,-2.13752554432
-145.5,19.0:2
0.75,0.25,0.5,1,-2.11121582707,0.982793723247
1.0,0.5,0.5,1,0.982793723247,-2.11121582707
-143.5,22.0:2
0.75,0.25,0.5,1,-2.15879893034,0.982793723247
1.0,0.5,0.5,1,0.982793723247,-2.15879893034
-141.5,25.0:2
0.75,0.25,0.5,1,-2.15879893034,0.956133374873
1.0,0.5,0.5,1,0.956133374873,-2.15879893034
-129.5,42.0:2
0.75,0.25,0.5,1,-2.18545927872,0.982793723247
1.0,0.5,0.5,1,0.982793723247,-2.18545927872
-127.5,45.0:2
0.75,0.25,0.5,1,-2.15879893034,0.927295218002
1.0,0.5,0.5,1,0.927295218002,-2.15879893034
-121.5,53.0:2
0.75,0.25,0.5,1,-2.21429743559,0.927295218002
1.0,0.5,0.5,1,0.927295218002,-2.21429743559
-115.5,61.0:2
0.75,0.25,0.5,1,-2.21429743559,0.862170054667
1.0,0.5,0.5,1,0.862170054667,-2.21429743559
-97.5,82.0:2
0.75,0.25,0.5,1,-2.27942259892,0.667306134978
1.0,0.5,0.5,1,0.667306134978,-2.27942259892
-64.5,108.0:2
0.5,0.5,1.0,1,-2.47428651861,0.475695218855
1,1,1,1,0.475695218855,-2.47428651861
-48.0,116.5:2
0.5,0.5,1.0,1,-2.66589743473,0.404891786285
1,1,1,1,0.404891786285,-2.66589743473
-34.0,122.5:2
0.5,0.5,1.0,1,-2.7367008673,0.244978663127
1,1,1,1,0.244978663127,-2.7367008673
-30.0,123.5:2
0.5,0.5,1.0,1,-2.89661399046,-0.00552480566567
1,1,1,1,-0.00552480566567,-2.89661399046
-140.5,144.0:2
1.0,0.5,0.5,1,3.13429351315,-0.982793723247
1,1,1,1,-0.982793723247,3.13429351315
-138.5,141.0:2
1.0,0.5,0.5,1,2.15879893034,-0.540419500271
1,1,1,1,-0.540419500271,2.15879893034
-136.0,139.5:2
1.0,0.5,0.5,1,2.60117315332,-0.738557450481
1,1,1,1,-0.738557450481,2.60117315332
-102.5,109.0:2
1.0,0.5,0.5,1,2.40303520311,-0.851966327173
1,1,1,1,-0.851966327173,2.40303520311
-95.5,101.0:2
1.0,0.5,0.5,1,2.28962632642,-0.836635330801
1,1,1,1,-0.836635330801,2.28962632642
-77.0,80.5:2
0.75,0.25,0.5,1,2.30495732279,-0.818719159276
0.5,0.5,1.0,1,-0.818719159276,2.30495732279
-62.5,65.0:2
0.75,0.25,0.5,1,2.32287349431,-0.80357797847
0.5,0.5,1.0,1,-0.80357797847,2.32287349431
-35.5,37.0:2
0.75,0.25,0.5,1,2.33801467512,-0.825376850521
0.5,0.5,1.0,1,-0.825376850521,2.33801467512
-23.5,24.0:2
0.75,0.25,0.5,1,2.31621580307,-0.827040742496
0.5,0.5,1.0,1,-0.827040742496,2.31621580307
-12.0,11.5:2
1.0,0.5,0.5,1,2.31455191109,-0.837981225008
1,1,1,1,-0.837981225008,2.31455191109
-3.0,1.5:2
1.0,0.5,0.5,1,2.30361142858,-0.732815101787
1,1,1,1,-0.732815101787,2.30361142858
7.0,-7.5:2
1.0,0.5,0.5,1,2.4087775518,-0.685729510906
1,1,1,1,-0.685729510906,2.4087775518
18.0,-16.5:2
1.0,0.5,0.5,1,2.45586314268,0.321750554397
1,1,1,1,0.321750554397,2.45586314268
21.0,-15.5:2
1.0,0.5,0.5,1,-2.81984209919,0.512389460311
1,1,1,1,0.512389460311,-2.81984209919
37.0,-6.5:2
1.0,0.5,0.5,1,-2.62920319328,0.577901936962
1,1,1,1,0.577901936962,-2.62920319328
48.5,1.0:2
0.75,0.25,0.5,1,-2.56369071663,0.700854407884
0.5,0.5,1.0,1,0.700854407884,-2.56369071663
80.5,28.0:2
0.75,0.25,0.5,1,-2.44073824571,0.785398163397
0.5,0.5,1.0,1,0.785398163397,-2.44073824571
98.0,45.5:2
0.75,0.25,0.5,1,-2.35619449019,0.674740942224
0.5,0.5,1.0,1,0.674740942224,-2.35619449019
103.0,49.5:2
0.75,0.25,0.5,1,-2.46685171137,0.885066815889
0.5,0.5,1.0,1,0.885066815889,-2.46685171137
107.5,55.0:2
0.75,0.25,0.5,1,-2.2565258377,0.726642340682
0.5,0.5,1.0,1,0.726642340682,-2.2565258377
125.5,71.0:2
1.0,0.5,0.5,1,-2.41495031291,0.982793723247
1,1,1,1,0.982793723247,-2.41495031291
127.5,74.0:2
1.0,0.5,0.5,1,-2.15879893034,0.814801451601
1,1,1,1,0.814801451601,-2.15879893034
144.0,91.5:2
1.0,0.5,0.5,1,-2.32679120199,0.588002603548
1,1,1,1,0.588002603548,-2.32679120199
147.0,93.5:2
1.0,0.5,0.5,1,-2.55359005004,-0.0215793835665
1,1,1,1,-0.0215793835665,-2.55359005004
216.5,92.0:2
1.0,0.5,0.5,1,3.12001327002,-1.57079632679
1,1,1,1,-1.57079632679,3.12001327002
216.5,90.0:2
1.0,0.5,0.5,1,1.57079632679,-1.57079632679
1,1,1,1,-1.57079632679,1.57079632679
216.5,88.0:2
1.0,0.5,0.5,1,1.57079632679,-1.57842976631
1,1,1,1,-1.57842976631,1.57079632679
216.0,22.5:2
1.0,0.5,0.5,1,1.56316288728,-1.89254688119
1,1,1,1,-1.89254688119,1.56316288728
215.5,21.0:2
1.0,0.5,0.5,1,1.2490457724,-2.35619449019
1,1,1,1,-2.35619449019,1.2490457724
214.5,20.0:2
1.0,0.5,0.5,1,0.785398163397,-2.32172538919
1,1,1,1,-2.32172538919,0.785398163397
200.5,5.0:2
1.0,0.5,0.5,1,0.819867264397,-2.3900798201
1,1,1,1,-2.3900798201,0.819867264397
170.0,-23.5:2
0.75,0.25,0.5,1,0.751512833493,-2.46685171137
0.5,0.5,1.0,1,-2.46685171137,0.751512833493
165.0,-27.5:2
0.75,0.25,0.5,1,0.674740942224,-2.2565258377
0.5,0.5,1.0,1,-2.2565258377,0.674740942224
160.5,-33.0:2
0.75,0.25,0.5,1,0.885066815889,-2.39066359119
0.5,0.5,1.0,1,-2.39066359119,0.885066815889
145.5,-47.0:2
0.75,0.25,0.5,1,0.750929062398,-2.46685171137
0.5,0.5,1.0,1,-2.46685171137,0.750929062398
140.5,-51.0:2
0.75,0.25,0.5,1,0.674740942224,-2.46685171137
0.5,0.5,1.0,1,-2.46685171137,0.674740942224
135.5,-55.0:2
0.75,0.25,0.5,1,0.674740942224,-2.40615288591
0.5,0.5,1.0,1,-2.40615288591,0.674740942224
125.0,-64.5:2
0.75,0.25,0.5,1,0.735439767676,-2.42750195498
0.5,0.5,1.0,1,-2.42750195498,0.735439767676
117.5,-71.0:2
0.75,0.25,0.5,1,0.714090698612,-2.61679688194
0.5,0.5,1.0,1,-2.61679688194,0.714090698612
108.0,-76.5:2
0.75,0.25,0.5,1,0.52479577165,-2.56369071663
0.5,0.5,1.0,1,-2.56369071663,0.52479577165
96.5,-84.0:2
0.75,0.25,0.5,1,0.577901936962,-2.72139593998
0.5,0.5,1.0,1,-2.72139593998,0.577901936962
73.0,-94.5:2
1.0,0.5,0.5,1,0.420196713609,3.12357658504
1,1,1,1,3.12357658504,0.420196713609
-38.0,-92.5:2
1.0,0.5,0.5,1,-0.0180160685541,2.89661399046
1,1,1,1,2.89661399046,-0.0180160685541
-46.0,-90.5:2
1.0,0.5,0.5,1,-0.244978663127,2.56158987938
1,1,1,1,2.56158987938,-0.244978663127
-60.5,-81.0:2
1.0,0.5,0.5,1,-0.580002774208,2.60117315332
1,1,1,1,2.60117315332,-0.580002774208
-63.0,-79.5:2
1.0,0.5,0.5,1,-0.540419500271,2.31917437432
1,1,1,1,2.31917437432,-0.540419500271
-89.0,-51.5:2
0.75,0.25,0.5,1,-0.822418279271,2.32867850091
0.5,0.5,1.0,1,2.32867850091,-0.822418279271
-142.0,4.5:2
0.75,0.25,0.5,1,-0.812914152683,2.32172538919
0.5,0.5,1.0,1,2.32172538919,-0.812914152683
-156.0,19.5:2
1.0,0.5,0.5,1,-0.819867264397,2.28488702541
1,1,1,1,2.28488702541,-0.819867264397
-162.5,27.0:2
1.0,0.5,0.5,1,-0.856705628183,2.35619449019
1,1,1,1,2.35619449019,-0.856705628183
-174.5,39.0:2
1.0,0.5,0.5,1,-0.785398163397,2.45586314268
1,1,1,1,2.45586314268,-0.785398163397
-180.0,43.5:2
1.0,0.5,0.5,1,-0.685729510906,2.38475814803
1,1,1,1,2.38475814803,-0.685729510906
-198.0,60.5:2
1.0,0.5,0.5,1,-0.756834505559,2.35619449019
1,1,1,1,2.35619449019,-0.756834505559
-210.5,73.0:2
1.0,0.5,0.5,1,-0.785398163397,1.54982038276
1,1,1,1,1.54982038276,-0.785398163397
-209.0,144.5:2
1.0,0.5,0.5,1,-1.59177227083,-0.0072991404437
1,1,1,1,-0.0072991404437,-1.59177227083